   2.1000000000000001E+023
   4.0395557944455266E+019
   16378046936968.344     
   77936.093963134626     
   5.3314499142602711E+019
   68965335755.810440     
   83625989278.039917     
   3.2962961530744940E+018
   1569071378069834.2     
   2.0411124670963486E+020
   275982379872090.72     
   11872940763753490.     
   4.2460226242865610E+023
   4.0000000000000000E+021
   9.9999999999999995E-021
   1.8328114541697218E+023
   3.3522805878293025E+019
   17821312114770.480     
   70504.284221304828     
   3.6324253904036209E+019
   85305334736.457199     
   90093949514.235992     
   2.7338668901512617E+018
   1174732829092130.8     
   1.6929318814966501E+020
   249957044844302.53     
   9689771585639600.0     
   3.6979735319727012E+023
   2.7513251090098857E+021
   9.9999999999999995E-021
   1.5389604984939948E+023
   2.8185435057269309E+019
   19437864468683.348     
   66166.619540333137     
   2.4482283351089631E+019
   106873080287.53470     
   97398241327.614777     
   2.2955904729375698E+018
   931048168113809.62     
   1.4216983027129509E+020
   222824249616602.09     
   7882192990328692.0     
   3.1049657250513159E+023
   2.3102164286402404E+021
   9.9999999999999995E-021
   1.2894235266035960E+023
   2.3666608562572083E+019
   21510224255727.336     
   62914.454237716185     
   1.6316068281578021E+019
   134776319622.18524     
   105757818175.64087     
   1.9234101902939924E+018
   746416528185682.88     
   1.1914362337700261E+020
   196396278005701.56     
   6286758716460943.0     
   2.6014242467054333E+023
   1.9356289818708319E+021
   9.9999999999999995E-021
   1.0779437625443367E+023
   1.9847905851473736E+019
   24095698898829.848     
   60441.624565179183     
   1.0746851023210629E+019
   171163537602.40753     
   115359433342.05164     
   1.6079923848931640E+018
   603528332881097.62     
   9.9634652644178723E+019
   170971933691608.88     
   4905370142057795.0     
   2.1747058942259593E+023
   1.6181704658080623E+021
   9.9999999999999995E-021
   8.9908723281442548E+022
   1.6626910645661661E+019
   27336750489539.156     
   58690.632090683779     
   6.9924804571816325E+018
   219233263284.86655     
   126557814732.79173     
   1.3412310483338486E+018
   492319069842814.81     
   8.3139477100605227E+019
   146783290169140.56     
   3733570619352282.5     
   1.8138332274269559E+023
   1.3496837265228612E+021
   9.9999999999999995E-021
   7.4814259104170077E+022
   1.3915235384535740E+019
   31450940556750.258     
   57675.066362355072     
   4.4919554293385052E+018
   283527044439.59259     
   139754879687.03394     
   1.1160983187383909E+018
   405625091517084.62     
   6.9221810623472632E+019
   123998389323624.30     
   2761369087749799.0     
   1.5092909761479172E+023
   1.1230963805727472E+021
   9.9999999999999995E-021
   6.2103215116293543E+022
   1.1636760111330245E+019
   36770663843036.695     
   57474.617290395079     
   2.8474120323218580E+018
   369982616182.04071     
   155196148769.44788     
   9.2651171709348275E+017
   338200737494600.12     
   5.7504237899357667E+019
   102641745406363.80     
   1974273890585934.0     
   1.2528454072850977E+023
   9.3228726210022801E+020
   9.9999999999999995E-021
   5.1423298812924320E+022
   9.7260415226537329E+018
   43872919072137.680     
   58323.013187080876     
   1.7799926181371105E+018
   487756975747.37891     
   173435447641.76648     
   7.6721642997956378E+017
   286526770781847.31     
   4.7660850900001653E+019
   82905302259243.562     
   1356172650357811.5     
   1.0373842778097560E+023
   7.7196798240141961E+020
   9.9999999999999995E-021
   4.2470706855883009E+022
   8.1269313534079283E+018
   53721881081823.406     
   60600.719514684875     
   1.0966450607011508E+018
   650267335561.20813     
   195122157684.90033     
   6.3368107120104371E+017
   248003940713274.28     
   3.9410744696016724E+019
   64990235639403.766     
   888539812567958.12     
   8.5677522339084592E+022
   6.3757804529552379E+020
   9.9999999999999995E-021
   3.4983947046560889E+022
   6.7913598656371374E+018
   68028421584713.477     
   64964.779518924523     
   6.6543323269101210E+017
   876382100327.05066     
   220782673318.17902     
   5.2200552390294214E+017
   220957401050527.06     
   3.2512267337978454E+019
   49045474977010.977     
   550302178293892.31     
   7.0574063548339627E+022
   5.2519210551781124E+020
   9.9999999999999995E-021
   2.8738383918578602E+022
   5.6782475404166461E+018
   90044266723690.438     
   72616.972313802689     
   3.9739844345504090E+017
   1192698355012.3105     
   250794823588.51132     
   4.2883959950317722E+017
   204776011260774.34     
   2.6757934972449460E+019
   35233235154959.031     
   318901924818022.56     
   5.7974726657814951E+022
   4.3143808953457928E+020
   9.9999999999999995E-021
   2.3541430711174134E+022
   4.7525450332241562E+018
   126312271802944.28     
   85800.955604256000     
   2.3340208486847741E+017
   1635900029864.3381     
   285198119712.36639     
   3.5131135018543866E+017
   200110161974622.75     
   2.1969948589643907E+019
   23743964258851.773     
   171244260572693.47     
   4.7490897452862420E+022
   3.5342501953305851E+020
   9.9999999999999995E-021
   1.9228317911309714E+022
   3.9843880124701568E+018
   190424286100656.28     
   108636.49873214630     
   1.3470792370889154E+017
   2254512867602.6846     
   323339553384.55792     
   2.8696397102717571E+017
   209013544625328.28     
   1.7996247117228413E+019
   14780109274899.393     
   84756296178360.078     
   3.8790117283352304E+022
   2.8867949260702925E+020
   9.9999999999999995E-021
   1.5658375342888701E+022
   3.3483503230982789E+018
   309390065894540.06     
   147743.97260791168     
   76334699045028448.     
   3105050845889.3623     
   362854904355.39905     
   2.3370030567842890E+017
   233865763707100.50     
   1.4707037452153811E+019
   8442149297599.6572     
   38843851848917.391     
   3.1588569604850337E+022
   2.3508986902541382E+020
   9.9999999999999995E-021
   1.2711770856058304E+022
   2.8227697163565158E+018
   529094718747472.31     
   210636.65721924970     
   40280091547271344.     
   4210600918404.1328     
   395532244792.04926     
   1.8973405789987926E+017
   273546886306315.00     
   1.1991745200988260E+019
   4470330900913.0889     
   16748196968484.648     
   2.5644487309712272E+022
   1.9085731450403789E+020
   9.9999999999999995E-021
   1.0286655134695648E+022
   2.3890792307292846E+018
   877093798853852.00     
   290328.52802144038     
   21183981468545264.     
   5561166336341.5488     
   411183696585.48364     
   1.5354701189519661E+017
   308435442955434.94     
   9.7563442022990889E+018
   2359024491469.5610     
   6969421756482.9873     
   2.0752403941577493E+022
   1.5445293781422182E+020
   9.9999999999999995E-021
   8.2966655544345840E+021
   2.0313018142207355E+018
   1321639401130387.5     
   363119.16422751296     
   11102565311415468.     
   7212420226247.9150     
   407885442388.41730     
   1.2385155779475085E+017
   314635785977204.44     
   7.9210256284989297E+018
   1335014869334.1636     
   2860369781210.6069     
   1.6738087687340041E+022
   1.2458031967680310E+020
   9.9999999999999995E-021
   6.6687479437962919E+021
   1.7358162365408922E+018
   1792460554339767.8     
   407761.81850076676     
   5798087887622932.0     
   9442105694274.0938     
   395866884251.95630     
   99558196084296576.     
   287301294779690.56     
   6.4182232416496579E+018
   841630036094.11804     
   1176186083475.8191     
   1.3454160387419729E+022
   1.0014281699824089E+020
   9.9999999999999995E-021
   5.3412600101174499E+021
   1.4912608771283658E+018
   2281399376780817.0     
   427882.27823255595     
   3016728873208628.0     
   12711645481406.873     
   382457508977.60059     
   79747378455055200.     
   244392762184297.97     
   5.1909319193718323E+018
   577762874264.04102     
   489362450472.70386     
   1.0776269071304840E+022
   8.0215096560794550E+019
   9.9999999999999995E-021
   4.2623230831932070E+021
   1.2882852476288499E+018
   2931428378822873.0     
   450815.54091397417     
   1563576516017432.0     
   17355662943951.986     
   358604097816.59064     
   63645075862997688.     
   208073234265721.00     
   4.1911956543813299E+018
   396121759686.15027     
   205641827952.84714     
   8.5997594215503647E+021
   6.4018393320277361E+019
   9.9999999999999995E-021
   3.3883926142508173E+021
   1.1191283522252261E+018
   4025980983311806.0     
   505623.43486540875     
   807182116984768.75     
   23122368787354.578     
   306814493414.89337     
   50601603590238864.     
   187960279675836.50     
   3.3787375889376507E+018
   246603256768.64722     
   85883486720.140839     
   6.8367906376150732E+021
   5.0899049308511232E+019
   9.9999999999999995E-021
   2.6830207873794106E+021
   9.7725196613496755E+017
   5854948133585692.0     
   600545.15598557680     
   414980992613301.94     
   29092526293095.762     
   229503676005.37436     
   40073262437788368.     
   179190146196333.75     
   2.7198167872651197E+018
   136171205278.19513     
   35143544827.476204     
   5.4138382237341088E+021
   4.0309936692055843E+019
   9.9999999999999995E-021
   2.1157875186223326E+021
   8.5723786426172685E+017
   8523399158372404.0     
   716696.44316183729     
   212432152040097.31     
   34328495158604.332     
   152746422040.02621     
   31606347736646916.     
   171030785172834.19     
   2.1863702030059023E+018
   70029030810.050125     
   14083771336.142054     
   4.2695373419342521E+021
   3.1794412048814793E+019
   9.9999999999999995E-021
   1.6613790871512125E+021
   7.5480206241299162E+017
   11894543272961106.     
   823904.58101747476     
   108261698444155.12     
   38394911191307.594     
   94828190489.466782     
   24823291570628540.     
   156654842113228.53     
   1.7552671090416801E+018
   35388500050.362953     
   5558196680.8612719     
   3.3528245127811349E+021
   2.4972488144720839E+019
   9.9999999999999995E-021
   1.2987960907393196E+021
   6.6666166888867469E+017
   15730795834108716.     
   901471.93796437990     
   54918031146099.547     
   41279570226742.469     
   56845181838.721512     
   19410809087938728.     
   136010423051193.47     
   1.4075084624837709E+018
   18024948698.334419     
   2170327394.9565129     
   2.6213399543401284E+021
   1.9528944467544740E+019
   9.9999999999999995E-021
   1.0106741947542526E+021
   5.9030272920895309E+017
   19861921346651912.     
   944958.31683204672     
   27724208847284.117     
   43158385111784.742     
   33417491091.848137     
   15109789244543694.     
   112612953505885.77     
   1.1274661181958880E+018
   9292313478.6382065     
   840829961.27797687     
   2.0400571638211014E+021
   1.5203129139595307E+019
   9.9999999999999995E-021
   7.8270295592048512E+020
   5.2377634185960614E+017
   24268711514516408.     
   961516.04268097668     
   13925836706012.418     
   44250523980018.188     
   19359851192.201996     
   11706656396392248.     
   90020281773350.703     
   9.0226057333444275E+017
   4823137051.2313595     
   323671998.73230350     
   1.5801103080614469E+021
   1.1780233210792073E+019
   9.9999999999999995E-021
   6.0312980631778361E+020
   4.6555239517215987E+017
   29099634536079924.     
   963043.07355060510     
   6958415212243.8086     
   44756439743460.914     
   11058665825.727987     
   9025991504322164.0     
   70370821749983.141     
   7.2126890881494938E+017
   2499532657.2060885     
   123815778.79350466     
   1.2177934722757246E+021
   9.0838439418226627E+018
   9.9999999999999995E-021
   4.6233785844849109E+020
   4.1441413221683654E+017
   34664145298187344.     
   961327.03117550572     
   3458042077006.2959     
   44838512480926.836     
   6221112686.9351501     
   6924244082400485.0     
   54386942951252.391     
   5.7572414807107878E+017
   1281915240.4228802     
   46902134.654492326     
   9.3370888797672296E+020
   6.9696066376975002E+018
   9.9999999999999995E-021
   3.5248901307152073E+020
   3.6793475202209382E+017
   41023662036566184.     
   956273.92552443244     
   1708756440348.9568     
   44345041661178.617     
   3428202863.8190427     
   5284268972498524.0     
   41460761117255.836     
   4.5785488029989414E+017
   646827073.14950812     
   17712048.534849014     
   7.1204202362580854E+020
   5.3196995735111465E+018
   9.9999999999999995E-021
   2.6722015577776793E+020
   3.2271825455973331E+017
   47406396117412248.     
   933336.03209784394     
   828870291906.16809     
   42799609748304.039     
   1830632773.2783353     
   4010769759613860.0     
   30495891210957.441     
   3.6104389142818125E+017
   321330309.33746022     
   6885834.4006837029     
   5.3994902641597920E+020
   4.0382630495323592E+018
   9.9999999999999995E-021
   1.9886372793284316E+020
   2.7526701505584941E+017
   52470470939391832.     
   873852.06750672043     
   609859129380.29370     
   39778977723706.648     
   937724014.49306345     
   2989321060572515.5     
   19884084874981.973     
   2.7782452823125315E+017
   154305795.91780442     
   2774981.8838549913     
   4.0195453875643862E+020
   3.0099008727649920E+018
   9.9999999999999995E-021
   1.4666810419120490E+020
   2.3110438058958378E+017
   55910144054213424.     
   909109.37086539553     
   448908875546.12183     
   36171896382964.477     
   471072066.10392362     
   2208756217016901.5     
   11933605229688.988     
   2.1050299761545344E+017
   73657179.914942414     
   1166371.8130586564     
   2.9655958053323578E+020
   2.2238530356125509E+018
   9.9999999999999995E-021
   1.0821439604749418E+020
   1.9302066079221123E+017
   57577885236033624.     
   1279982.5192314335     
   330579083076.27301     
   32595845217111.727     
   235562139.02544528     
   1633099999672881.0     
   6879882359669.2559     
   1.5854819158194470E+017
   35851982.628285475     
   514185.56581974332     
   2.1889457856935526E+020
   1.6441698499756383E+018
   9.9999999999999995E-021
   7.9874147734391996E+019
   1.6043431235842355E+017
   57235740218929192.     
   2277314.4611126347     
   243547334971.22934     
   29174165591767.734     
   117642444.09694634     
   1208338211485448.2     
   3810116586182.4131     
   1.1877127522449390E+017
   17866059.137795556     
   237034.00367838645     
   1.6164009310740965E+020
   1.2164486698341076E+018
   9.9999999999999995E-021
   5.8979656904297300E+019
   1.3267670254689346E+017
   54977183360770752.     
   4121273.1320965225     
   179507982616.75604     
   25976686373596.113     
   58842718.152794965     
   894744917293124.75     
   2030791589357.5134     
   88571808581122480.     
   9128508.0161966011     
   113930.86956350380     
   1.1941427652546547E+020
   9.0067795024698944E+017
   9.9999999999999995E-021
   4.3568857704476385E+019
   1.0911269944977952E+017
   51152478429442912.     
   6852919.9297992885     
   132366227470.12820     
   23038534433025.891     
   29581146.389422774     
   663090572059542.25     
   1045415883500.2794     
   65823756643021448.     
   4781558.1728014331     
   56937.233639371720     
   8.8258677400660361E+019
   6.6741878179877018E+017
   9.9999999999999995E-021
   3.2198148466366870E+019
   89195811018019552.     
   46258091024521456.     
   10361918.809277875     
   97648056274.801620     
   20372748880015.016     
   15017117.159280678     
   491859655453095.94     
   522102005942.37921     
   48803157665872288.     
   2564391.8680371102     
   29506.780195512019     
   6.5260832545020658E+019
   4.9500267758665094E+017
   9.9999999999999995E-021
   2.3805026675668140E+019
   72465327992275728.     
   40814265505910072.     
   14511838.854751278     
   72068007890.591751     
   17978238789560.379     
   7752351.3153040176     
   365208308396552.56     
   254194713429.48428     
   36134008911877352.     
   1405344.7076088416     
   15817.204621907751     
   4.8277116673343455E+019
   3.6747421138593696E+017
   9.9999999999999995E-021
   1.7607227644231643E+019
   58519084646868456.     
   35270206523608972.     
   19271068.844900209     
   53212453706.359108     
   15844794435325.992     
   4115275.1665472738     
   271464425721628.44     
   121216230646.37337     
   26738384880500392.     
   785206.17443753954     
   8749.7943875968595     
   3.5729161654581436E+019
   2.7307985306598906E+017
   9.9999999999999995E-021
   1.3028624771649253E+019
   46989879163826176.     
   29956808825617772.     
   24792033.135845412     
   39307481786.407143     
   13956454860272.469     
   2288403.6471211822     
   202025555394201.41     
   56854418818.952187     
   19786750876589316.     
   446317.30432132917     
   4983.8875640016631     
   2.6454303322724106E+019
   2.0315757622006790E+017
   3443123.8255190775     
   9.6447653991318323E+018
   37535275848131536.     
   25081702156370040.     
   31383951.242426440     
   29048759470.079739     
   12287990824233.289     
   1371673.1001629746     
   150551949893129.34     
   26322270331.081635     
   14650055420568758.     
   257486.08213126278     
   2917.0575754873371     
   1.9595709250233029E+019
   1.5132070064402250E+017
   8111759.9944890700     
   7.1428262793770977E+018
   29838314323461636.     
   20749778185425044.     
   39325692.558537565     
   21476796666.974720     
   10818040958398.160     
   918367.22808594129     
   112364731565813.78     
   12064084959.760807     
   10856479120653784.     
   150520.76092606180     
   1751.0221777451654     
   1.4521644408983327E+019
   1.1285784185169235E+017
   23412449.709961392     
   5.2921649400908605E+018
   23612809204947500.     
   16992729710832632.     
   48612671.737081036     
   15885463020.651512     
   9521202010177.9902     
   703036.41565352504     
   84012710027699.375     
   5486561834.5797558     
   8054767438898896.0     
   89005.196184159446     
   1076.0398617096855     
   1.0766128061086409E+019
   84291624637825888.     
   54100468.762593381     
   3.9226602057270216E+018
   18607542848258320.     
   13796235136154724.     
   58854195.927200325     
   11754861215.313560     
   8374614616679.9111     
   609468.94910480292     
   62946869908036.328     
   2480837993.9877439     
   5984667089366611.0     
   53151.837390197601     
   675.81736561244975     
   7.9852931545818081E+018
   63054050637900488.     
   110047826.30480099     
   2.9087789106422922E+018
   14606711030248040.     
   11119810739816298.     
   69403402.665362239     
   8687574689.1274815     
   7358700555313.8047     
   576350.42216988909     
   47282967828891.617     
   1116839999.5620911     
   4453926258663444.0     
   32006.552972331163     
   433.13201108032331     
   5.9252749633886188E+018
   47247590486383968.     
   206422013.43360174     
   2.1542582025697416E+018
   11408430017461054.     
   8894957706023760.0     
   79723006.112172410     
   6406023741.5416899     
   6447341475026.5615     
   573480.18875565880     
   35571750907193.742     
   497707044.00707138     
   3315277504880399.5     
   19353.946514146755     
   282.37794794047102     
   4.3912477310146207E+018
   35410424896750836.     
   367099082.35216439     
   1.5917760046639519E+018
   8861880562397490.0     
   7064086498991208.0     
   89478797.219285920     
   4718787525.5361757     
   5625105771965.2031     
   586928.26624212589     
   26796835210154.156     
   218621608.72678834     
   2465946846453787.0     
   11715.610890693451     
   186.78731161338388     
   3.2469210983931013E+018
   26520764495724760.     
   645539428.76011205     
   1.1748932506098186E+018
   6859617279826782.0     
   5584397177731813.0     
   98430510.112585410     
   3476709789.1611099     
   4889333522082.2832     
   609093.03691964736     
   20256841007137.949     
   95059381.162983164     
   1835401129714343.0     
   7101.5828431631635     
   125.33123306357166     
   2.3982726797863071E+018
   19877312012908804.     
   1038271729.5712725     
   8.6732718898181094E+017
   5301594215975348.0     
   4405707707469224.5     
   106540197.13735728     
   2565248735.0283570     
   4237481988260.7100     
   636928.29758203274     
   15400914911438.883     
   41143222.165752105     
   1368831086866325.5     
   4313.5469572911043     
   85.289794334846633     
   1.7717756701531141E+018
   14929939126177104.     
   1615860268.2500992     
   6.4114140162438400E+017
   4098983807430983.0     
   3477090655555776.0     
   113949672.79525819     
   1897608622.4372098     
   3664957476951.4580     
   670075.94277356809     
   11803645228995.572     
   17827315.056774687     
   1024240230696503.0     
   2627.2058251292556     
   58.859962697619281     
   1.3107674293155274E+018
   11253199088039488.     
   2467765903.4185286     
   4.7511142781776070E+017
   3175977017067643.0     
   2751171530998681.5     
   120955532.97843097     
   1408789562.7919595     
   3165401547198.4927     
   710001.93401474331     
   9141030389013.8359     
   7775581.1726786718     
   769848149250174.12     
   1605.3589318674947     
   41.190941499528485     
   9.7216366572634483E+017
   8522305987876066.0     
   3559227632.1672268     
   3.5330179711206714E+017
   2469959770038167.5     
   2186428981437105.5     
   127970611.02565050     
   1050601384.7363600     
   2732767423060.6440     
   759498.04049997462     
   7168326809926.3623     
   3430982.5566251543     
   581862361080942.75     
   985.02911931432777     
   29.229089502176784     
   7.2359195267232806E+017
   6492127928432744.0     
   5007120965.3088579     
   2.6386832842582330E+017
   1930582318954770.2     
   1748009133203306.5     
   135490078.88046405     
   787609156.08188415     
   2360268842735.3032     
   822603.96622220904     
   5703116090150.6934     
   1538421.1763082112     
   442629219237084.31     
   607.42167298831032     
   21.029038180407760     
   5.4097459820054061E+017
   4979425553625866.0     
   6801553566.0574713     
   1.9808031695790355E+017
   1518216314223527.5     
   1407576443719334.2     
   144169811.08091635     
   593922648.88791323     
   2041174992760.5486     
   905397.56594744255     
   4610360055196.6328     
   703653.85677808442     
   339142892798496.06     
   376.78683462742509     
   15.337251826645087     
   4.0655205733137914E+017
   3848284625974496.5     
   8914992567.0379028     
   1.4954340154394877E+017
   1202187896575071.8     
   1142633845678136.8     
   155173885.62928766     
   450711734.91405731     
   1769030677626.9507     
   1018965.5660250866     
   3790730107657.3140     
   329335.19849554071     
   261872365340759.66     
   235.34044370557456     
   11.337060293661620     
   3.0730977236465222E+017
   2998484012321597.0     
   11182127122.681044     
   1.1359607747963834E+017
   959047727396441.12     
   935623529101309.12     
   170626097.35004759     
   344320503.03300071     
   1537923759144.9106     
   1184222.0197923563     
   3171422289796.6533     
   158123.08850247951     
   203857772241064.06     
   148.17736505036717     
   8.4906815021724089     
   2.3375503906531264E+017
   2356419350834208.5     
   13582465781.811029     
   86850138976894432.     
   771027353601028.38     
   773007317010446.25     
   193597599.92729372     
   264858563.48826998     
   1342307569832.3152     
   1435437.1721478153     
   2699380853421.3945     
   78026.365870203008     
   160026358308876.41     
   94.152530081633032     
   6.4402380612715557     
   1.7898463685436643E+017
   1868157215899220.5     
   15769904029.193085     
   66846338476734088.     
   624744113197620.38     
   644433609665293.88     
   227392180.99063545     
   205162225.12042463     
   1177257523032.5183     
   1819768.8224464837     
   2335903233760.6807     
   39622.041769931988     
   126682098455400.97     
   60.444123325955097     
   4.9450808938343176     
   1.3798562969904786E+017
   1494204082464145.8     
   17637759079.948921     
   51799716476539320.     
   510156895137582.50     
   542031294664648.00     
   274600874.14167529     
   160036043.48427525     
   1038344408205.7974     
   2394358.0213965308     
   2052838154675.1890     
   20721.364722363327     
   101129260903243.03     
   39.248893374888027     
   3.8417035930743859     
   1.0711787469493723E+017
   1205616957479591.5     
   18953709013.087551     
   40413158738498912.     
   419744902847433.19     
   459833679270984.00     
   336482157.61337650     
   125703169.49056958     
   921659227188.07629     
   3224118.3258095765     
   1829684908060.8528     
   11164.197210866867     
   81397222552043.469     
   25.803847710806693     
   3.0178579515571813     
   83734923023028720.     
   981140180151838.75     
   19790494596.953930     
   31741937503553376.     
   347873325056464.06     
   393320562124882.31     
   412783693.58119595     
   99409093.224491447     
   823735589553.76331     
   4382200.1110300533     
   1651529107650.1609     
   6196.3970664304552     
   66040611852905.914     
   17.189558638480534     
   2.3956835056043979     
   65908421252141992.     
   805113112297485.88     
   20194215355.815449     
   25095818959889932.     
   290310943482775.38     
   339061987575410.06     
   501864161.17540562     
   79136902.832222655     
   741545067444.86670     
   5952991.6489901440     
   1507489548728.2578     
   3541.5101754815764     
   53994799766835.109     
   11.609176771192708     
   1.9206115543536604     
   52228835695550296.     
   665948919975318.62     
   20210563254.149258     
   19968556236116612.     
   243868147939866.31     
   294446061848331.31     
   601006478.01983786     
   63403003.852781281     
   672485328022.55054     
   8034587.8847187022     
   1389586759244.4839     
   2083.0250582143958     
   44471678141341.570     
   7.9510448146424491     
   1.5540013116318812     
   41661856787642928.     
   555031983781054.69     
   19916236443.078274     
   15987191526659294.     
   206128037961235.09     
   257473803143953.69     
   706858788.71337783     
   51110585.428510375     
   614348951481.45117     
   10734003.689968271     
   1291931467859.6860     
   1259.7455539475725     
   36884564234013.078     
   5.5229338307196985     
   1.2682090814418614     
   33445105164232348.     
   465919821741449.00     
   19286566587.588905     
   12875610591424602.     
   175247998338482.12     
   226605925362481.88     
   815913216.51283252     
   41444398.038385130     
   565289649295.16211     
   14149311.796957355     
   1210138066107.6162     
   782.53779205382546     
   30794066124021.605     
   3.8904543745696847     
   1.0432570322509420     
   27013850346268156.     
   393765347905047.62     
   18403703830.780537     
   10428317640737774.     
   149813800995446.28     
   200649023874080.56     
   924925232.32442391     
   33795041.469610438     
   523771456558.61273     
   18340957.259603180     
   1140914005117.6189     
   498.72107266450337     
   25868992598509.652     
   2.7785548390837946     
  0.86456247600906899     
   21947543097167068.     
   334898043535552.62     
   17394092033.614170     
   8491527458076864.0     
   128732420244806.06     
   178671214414597.41     
   1031793682.2133639     
   27704327.159611136     
   488520285639.57471     
   23303253.511501595     
   1081766046858.8547     
   325.68324094526525     
   21858049863537.402     
   2.0113497217924867     
  0.72137612953988117     
   17931254758787720.     
   286519569288908.38     
   16283587438.191677     
   6949495236395730.0     
   111153120477984.80     
   159939521166219.41     
   1133985509.0480211     
   22825708.755933128     
   458484671256.67639     
   28945386.745776694     
   1030785888673.1710     
   217.64413629248673     
   18569275054116.453     
   1.4751777005726003     
  0.60569832354568753     
   14727790409242654.     
   246481790420184.31     
   15146279741.776340     
   5714599023400459.0     
   96409271506078.328     
   143873388274127.03     
   1229901796.4772966     
   18895508.077320322     
   432798015978.28448     
   35099482.739913233     
   986497881238.02551     
   148.63657519448148     
   15855027536254.277     
   1.0957677273384996     
  0.51152027213125872     
   12157451330719792.     
   213124223874641.59     
   13973472580.128452     
   4720116189689431.0     
   83975072537109.547     
   130009848056660.16     
   1318711363.9471977     
   15711895.210708104     
   410747682935.65094     
   41541913.282272212     
   947747695530.68420     
   103.59508880855876     
   13600982769422.570     
  0.82402738164184375     
  0.43428775038586576     
   10083289996798852.     
   185154428198902.28     
   12845870328.011269     
   3914938972357417.0     
   73433191839085.391     
   117977292319072.97     
   1400067722.3973069     
   13119460.334467759     
   391746491486.47705     
   48022768.344220832     
   913623163473.34900     
   73.586331903982327     
   11718018441240.352     
  0.62712469237670210     
  0.37051878574483782     
   8400318882438492.0     
   161559525847057.19     
   11754481684.915495     
   3259690366351450.0     
   64450408173439.461     
   107475592720693.41     
   1473995447.3872702     
   10997830.597923983     
   375310529340.81116     
   54295816.143505700     
   883395238216.55078     
   53.200768305490257     
   10136199050225.463     
  0.48284311456194418     
  0.31752894079274696     
   7027575862653279.0     
   141540383914157.91     
   10704836766.844631     
   2723855165806753.0     
   56759141659034.898     
   98260922179234.391     
   1540791819.0679033     
   9253229.1526967064     
   361040230244.13031     
   60142580.977091752     
   856474979746.72498     
   39.096084287164011     
   8800289999684.4277     
  0.37597374922591908     
  0.27323202672935853     
   5902260650758734.0     
   124462360167289.64     
   9717182135.9891396     
   2283650007016496.0     
   50143350886264.164     
   90134081990560.672     
   1600950224.0232489     
   7812181.6638092510     
   348604665863.08484     
   65387724.367070168     
   832381837459.54260     
   29.167067405628597     
   7666392131786.9160     
  0.29598638725275561     
  0.23599430603628871     
   4975379395963585.0     
   109818220056127.89     
   8798080762.4059429     
   1920433804332999.5     
   44427691617275.516     
   82931463067727.469     
   1655106677.3720713     
   6616798.8117250446     
   337728885250.14124     
   69905766.973013759     
   810719862647.72498     
   22.063119472744244     
   6699401436207.9141     
  0.23551022851888240     
  0.20452694097290477     
   4208492559875684.0     
   97200043825587.250     
   7951337686.3909779     
   1619515212480271.8     
   39469130103704.375     
   76518001212152.422     
   1704000585.8229141     
   5621221.2499799356     
   328183638722.41431     
   73620837.808824539     
   791159802806.24988     
   16.902455227625676     
   5871079877175.6641     
  0.18933196846803421     
  0.17780601332931506     
   3571273643240268.5     
   86277811423567.375     
   7172546222.6905308     
   1369253208543164.2     
   35150416853323.531     
   70781652631610.719     
   1748425972.0779798     
   4788926.0547833908     
   319777083599.89081     
   76501718.529560968     
   773425492150.35645     
   13.099691813176856     
   5158581412375.4062     
  0.15372774501012010     
  0.15501258081748720     
   3039666849454507.0     
   76782976385445.250     
   6467843483.3843880     
   1160375160183676.8     
   31374979891404.406     
   65629036237548.438     
   1789140151.8466706     
   4090675.1474837940     
   312348019562.25195     
   78554340.030354619     
   757283482716.72009     
   10.260004751046132     
   4543319041640.0625     
  0.12601275509363125     
  0.13548740984050631     
   2594489284066026.0     
   68495789024722.734     
   5822880592.2507448     
   985457077492085.50     
   28062907784353.578     
   60981976992640.406     
   1826712433.6103864     
   3502944.2512913821     
   305760493369.16174     
   79813441.578978419     
   742534985301.38538     
   8.1130503962447307     
   4010088855500.7842     
  0.10423430166763963     
  0.11869654148021139     
   2220364928699712.2     
   61235454115320.258     
   5241635001.5344486     
   838525421312630.62     
   25147774125329.227     
   56774749126504.500     
   1861339201.3497908     
   3006713.9281059140     
   299899364145.98230     
   80334557.227972016     
   729009653405.58655     
   6.4710469214766944     
   3546388894123.2720     
   8.6960373817767944E-002
  0.10420491410273387     
   1904907292233694.5     
   54852444283161.930     
   4716019445.7358541     
   714750479501714.75     
   22574115284321.660     
   52951865908022.609     
   1892695294.9071076     
   2586534.1403681585     
   294666748714.82843     
   80186983.431357682     
   716560675003.33167     
   5.2017703005898746     
   3141886533833.5479     
   7.3132547260657529E-002
   9.1656021390271306E-002
   1638089595978158.8     
   49222462626415.992     
   4243273233.4788861     
   610209067171336.25     
   20295417923858.266     
   49466298479858.508     
   1919897311.9142628     
   2229797.1366265118     
   289979121412.38843     
   79447977.035002649     
   705060898635.73022     
   4.2109018903728472     
   2787999762578.5938     
   6.1962650353370514E-002
   8.0756123618455869E-002
   1411756961509949.8     
   44241674501390.094     
   3819851491.2132125     
   521699971132271.31     
   18272506254403.848     
   46278033271808.211     
   1941613415.4413075     
   1926169.3221134455     
   285764957491.48071     
   78198165.951032981     
   694399736467.02161     
   3.4303267910610975     
   2477566274086.9399     
   5.2859516850136609E-002
   7.1261917417255044E-002
   1219246731296224.2     
   39822921647031.133     
   3442166390.6455908     
   446599720050302.69     
   16472244225019.754     
   43352897992695.633     
   1956293651.0972116     
   1667145.2909413939     
   281962810514.58618     
   76518022.630189776     
   684480667154.09741     
   2.8102728877590573     
   2204580648834.8062     
   4.5376626006579379E-002
   6.2970849704941406E-002
   1055091505924876.9     
   35892700944112.562     
   3102371586.1047621     
   382749333537511.50     
   14866486958187.055     
   40661601795611.805     
   1962451295.4420905     
   1445696.0714727475     
   278519742480.19177     
   74485218.872953594     
   675219199870.44531     
   2.3139624640299421     
   1963984603848.5400     
   3.9174379042178485E-002
   5.5713465938644277E-002
   914785784323124.88     
   32388741628044.258     
   2796113855.1710057     
   328364981492090.06     
   13431230299092.566     
   38178947122984.797     
   1958917805.2409525     
   1255990.4488277149     
   275390027092.02911     
   72172702.861627206     
   666541206035.03320     
   1.9139289268583064     
   1751498818146.4309     
   3.3992721814467011E-002
   4.9347332906792170E-002
   794601709042497.75     
   29258053386564.219     
   2520004483.2570815     
   281967182617549.62     
   12145918497022.504     
   35883179863913.086     
   1945016004.7135677     
   1093173.1192390651     
   272534077678.23520     
   69647375.923116550     
   658381535724.72620     
   1.5894507292497444     
   1563487490325.4565     
   2.9631141056042438E-002
   4.3752187199477981E-002
   691442932058173.38     
   26455346864480.809     
   2279634038.6885900     
   242324442031091.88     
   10992878612114.988     
   33755451488767.301     
   1920630428.9358728     
   953187.35372683185     
   269917551215.44397     
   66969274.958653718     
   650682863135.94141     
   1.3247437618330367     
   1396848787590.2129     
   2.5933955716999461E-002
   3.8826043003898233E-002
   602728150390778.12     
   23941750137235.297     
   2063472000.8375800     
   208408183981279.12     
   9956856864311.9863     
   31779372257704.316     
   1886183888.1701984     
   832632.47839502362     
   267510613698.79150     
   64191181.131329291     
   643394699018.65308     
   1.1076744992348033     
   1248925867066.2283     
   2.2779437684538491E-002
   3.4482054641023906E-002
   526297950377935.88     
   21683761494275.332     
   1871243612.3552053     
   179356558155776.22     
   9024637285542.6953     
   29940638843166.902     
   1842547085.9328504     
   728649.09512152139     
   265287314481.17352     
   61358579.553634524     
   636472554689.82153     
  0.92883455740772136     
   1117434312933.6621     
   2.0071720056286265E-002
   3.0645975810674575E-002
   460339892991977.44     
   19652391728749.012     
   1700014490.1547632     
   154445246657416.75     
   8184727046651.7090     
   28226723025942.715     
   1790913097.5402253     
   638825.98617928952     
   263225059894.08377     
   58509895.138385996     
   629877220419.57532     
  0.78086866681461409     
   1000402725816.2949     
   1.7734746932100080E-002
   2.7254092802136826E-002
   403328051919568.12     
   17822459026719.488     
   1546943901.6404953     
   133063816970826.30     
   7427095970478.5527     
   26626610727360.555     
   1732664545.2737694     
   561124.43767999799     
   261304165994.41446     
   55676931.500941128     
   623574139146.15808     
  0.65798209193693236     
   896123890085.71887     
   1.5707726769759182E-002
   2.4251535839314463E-002
   353973994278086.56     
   16172007207663.375     
   1408808561.8977613     
   114696486583310.09     
   6742960214042.6084     
   25130582698372.289     
   1669253108.4423301     
   493816.41926767450     
   259507476560.02823     
   52885444.901335798     
   617532859045.00403     
  0.55557632123136735     
   803114479736.83142     
   1.3941698927920163E-002
   2.1590893378660308E-002
   311186876090458.88     
   14681824031617.166     
   1283868461.7291603     
   98906411266189.562     
   6124602055851.9990     
   23730029813382.621     
   1602102270.2955949     
   435433.89293115784     
   257820034464.59247     
   50155793.822028019     
   611726552759.80859     
  0.46997727867040850     
   720081680733.31665     
   1.2396928419118217E-002
   1.9231070107368395E-002
   274040821446079.53     
   13335040954491.256     
   1173111145.3483574     
   85322799225539.828     
   5565219275094.6924     
   22417297210090.137     
   1532537013.6479218     
   384727.07506490569     
   256228797516.20209     
   47503615.627167746     
   606131593321.13806     
  0.39823085364226157     
   645895434765.01233     
   1.1040919692466043E-002
   1.7136341744836383E-002
   241748144750478.44     
   12116799384531.758     
   1077970576.3369544     
   73630300745882.500     
   5058798845962.8291     
   21185552548407.902     
   1461739270.0019495     
   340629.92734501744     
   254722392538.62106     
   44940493.319612183     
   600727178173.14478     
  0.33794782340883939     
   579565266872.77795     
   9.8468951164380255E-003
   1.5275569382127058E-002
   213637278435969.28     
   11013971396235.414     
   991803802.69301736     
   63560237613207.648     
   4600010659406.6992     
   20028674482363.609     
   1390725192.7237453     
   302231.50477149757     
   253290903403.15158     
   42474586.403614864     
   595494993757.93677     
  0.28718531008423692     
   520220862950.75366     
   8.7926237554649712E-003
   1.3621543635891738E-002
   189134535314394.06     
   10014925163050.711     
   913559537.28671491     
   54883326093053.617     
   4184117778805.4731     
   18941158093811.695     
   1320339260.9622467     
   302231.50477149757     
   251925684477.81241     
   40111209.356955670     
   590418918277.57495     
  0.24435547431226382     
   467095724689.99152     
   7.8595152604979436E-003
   1.2150434824778473E-002
   167749020345040.84     
   9109327208641.5332     
   913559537.28671491     
   47403617376941.859     
   3806900388016.1909     
   17918034644904.711     
   1251260248.6496139     
   302231.50477149757     
   250619187113.42477     
   37853348.826243065     
   585484766820.79688     
  0.20815467059576964     
   419513359333.64813     
   7.0319152313223386E-003
   1.0841330086777295E-002
   149059782985465.91     
   8287975075103.5107     
   913559537.28671491     
