   8.0900000000000000E+017
   6772849.6746682385     
   70926372.140836209     
   1000.0000000000000     
   5100000000000000.0     
   20755.256842227591     
   1000.0000000000000     
   1000.0000000000000     
   9690272253058518.0     
   64124767.207100607     
   1000.0000000000000     
   1000.0000000000000     
   19500000000000000.     
   1000.0000000000000     
   1000.0000000000000     
   1000.0000000000000     
   780000000000.00000     
   2.2251313614516624E-003
   1000.0000000000000     
   1000.0000000000000     
   5.4250000000000000E+017
   16051109.805554492     
   106301555.25402893     
   1000.0000000000000     
   3420000000000000.0     
   43854.544128805232     
   1000.0000000000000     
   1000.0000000000000     
   5898723551332908.0     
   90198590.899661511     
   1000.0000000000000     
   1000.0000000000000     
   13080000000000000.     
   1000.0000000000000     
   1000.0000000000000     
   1000.0000000000000     
   523100000000.00000     
   4.6841278458231153E-003
   1000.0000000000000     
   1000.0000000000000     
   3.5750000000000000E+017
   56800348.127881847     
   215835327.02663502     
   1000.0000000000000     
   2254000000000000.0     
   113721.61036223634     
   1000.0000000000000     
   1000.0000000000000     
   3593940917072631.0     
   158913257.27550071     
   1000.0000000000000     
   1000.0000000000000     
   8617000000000000.0     
   1000.0000000000000     
   1000.0000000000000     
   1000.0000000000000     
   344700000000.00000     
   1.2890221746705685E-002
   1000.0000000000000     
   1000.0000000000000     
   2.3550000000000000E+017
   241517330.05716240     
   604795798.88143218     
   1000.0000000000000     
   1485000000000000.0     
   386709.00960508618     
   1000.0000000000000     
   1000.0000000000000     
   2189695991514996.5     
   362883759.76474541     
   1000.0000000000000     
   1000.0000000000000     
   5677000000000000.0     
   1000.0000000000000     
   1000.0000000000000     
   1000.0000000000000     
   227100000000.00000     
   4.9919220046502087E-002
   1000.0000000000000     
   1000.0000000000000     
   1.5460000000000000E+017
   853662745.05041766     
   1642927358.7691381     
   1000.0000000000000     
   974700000000000.00     
   1294420.8131772194     
   1000.0000000000000     
   1000.0000000000000     
   1334125586895389.2     
   787962192.72195458     
   1000.0000000000000     
   1000.0000000000000     
   3727000000000000.0     
   1000.0000000000000     
   1000.0000000000000     
   1000.0000000000000     
   149100000000.00000     
  0.18358872603072851     
   1000.0000000000000     
   1000.0000000000000     
   99460000000000000.     
   1981162812.2188563     
   3470137192.7572441     
   1000.0000000000000     
   838100000000000.00     
   3767535.1379848970     
   1000.0000000000000     
   1000.0000000000000     
   816111886435727.25     
   1485198844.5299942     
   1000.0000000000000     
   1000.0000000000000     
   2830000000000000.0     
   1000.0000000000000     
   1000.0000000000000     
   1000.0000000000000     
   149800000000.00000     
  0.87040835626387447     
   1000.0000000000000     
   1000.0000000000000     
   63620000000000000.     
   3372763660.4030147     
   5486371084.6285906     
   1000.0000000000000     
   719300000000000.00     
   8349142.1869348017     
   1000.0000000000000     
   1000.0000000000000     
   500634401127478.00     
   2105250278.8297071     
   1000.0000000000000     
   1000.0000000000000     
   2141000000000000.0     
   1000.0000000000000     
   1000.0000000000000     
   1000.0000000000000     
   150400000000.00000     
   3.2089341428077445     
   1000.0000000000000     
   1000.0000000000000     
   40080000000000000.     
   4331274090.9964237     
   6614120585.0340233     
   1000.0000000000000     
   609600000000000.00     
   14359774.386691865     
   1000.0000000000000     
   1000.0000000000000     
   307108385207921.44     
   2268478710.1366291     
   1000.0000000000000     
   1000.0000000000000     
   1598000000000000.0     
   1000.0000000000000     
   1000.0000000000000     
   1000.0000000000000     
   149400000000.00000     
   9.5142786179058465     
   1000.0000000000000     
   1000.0000000000000     
   24890000000000000.     
   4427052769.5528469     
   6403204810.3993597     
   1000.0000000000000     
   508500000000000.00     
   20162028.498313256     
   1000.0000000000000     
   1000.0000000000000     
   188392088223681.38     
   1955981989.0497932     
   1000.0000000000000     
   1000.0000000000000     
   1175000000000000.0     
   1000.0000000000000     
   1000.0000000000000     
   1000.0000000000000     
   146000000000.00000     
   23.298407072971873     
   1000.0000000000000     
   1000.0000000000000     
   15440000000000000.     
   3856878710.6996408     
   5336699770.4636164     
   1000.0000000000000     
   420800000000000.00     
   24532695.127802663     
   1000.0000000000000     
   1000.0000000000000     
   126219974017714.67     
   1455280315.9619360     
   1000.0000000000000     
   1000.0000000000000     
   859200000000000.00     
   1000.0000000000000     
   1000.0000000000000     
   1000.0000000000000     
   141000000000.00000     
   48.674237285242469     
   1000.0000000000000     
   1000.0000000000000     
   9703000000000000.0     
   3045978152.3506465     
   4071702848.3938470     
   1000.0000000000000     
   349900000000000.00     
   27283805.359881416     
   1000.0000000000000     
   1000.0000000000000     
   85290390706583.578     
   998432800.32416832     
   1000.0000000000000     
   1000.0000000000000     
   633600000000000.00     
   1000.0000000000000     
   1000.0000000000000     
   1000.0000000000000     
   136200000000.00000     
   90.359150689499870     
   1000.0000000000000     
   1000.0000000000000     
   6080000000000000.0     
   2237478669.9312577     
   2906458736.3951840     
   1000.0000000000000     
   287400000000000.00     
   28573136.539419513     
   1000.0000000000000     
   1000.0000000000000     
   57633118715907.250     
   640398775.54129815     
   1000.0000000000000     
   1000.0000000000000     
   463400000000000.00     
   1000.0000000000000     
   1000.0000000000000     
   1000.0000000000000     
   129300000000.00000     
   154.38320851585465     
   1000.0000000000000     
   1000.0000000000000     
   3953000000000000.0     
   1615899783.9411469     
   2057839736.1193812     
   1000.0000000000000     
   242600000000000.00     
   29170013.473233223     
   1000.0000000000000     
   1000.0000000000000     
   39715761204541.953     
   412761690.71401954     
   1000.0000000000000     
   1000.0000000000000     
   349700000000000.00     
   1000.0000000000000     
   1000.0000000000000     
   1000.0000000000000     
   125500000000.00000     
   247.99098161789524     
   1000.0000000000000     
   1000.0000000000000     
   2590000000000000.0     
   1145539154.1877537     
   1437825578.4773767     
   1000.0000000000000     
   205400000000000.00     
   29295556.173174214     
   1000.0000000000000     
   1000.0000000000000     
   29170669317542.500     
   262982483.18555441     
   1000.0000000000000     
   1000.0000000000000     
   265300000000000.00     
   1000.0000000000000     
   1000.0000000000000     
   1000.0000000000000     
   121900000000.00000     
   384.93089442432444     
   1000.0000000000000     
   1000.0000000000000     
   1705000000000000.0     
   781359554.73787677     
   969105742.60389924     
   1000.0000000000000     
   173500000000000.00     
   28555602.305078443     
   1000.0000000000000     
   1000.0000000000000     
   21425447294111.164     
   159182011.30793917     
   1000.0000000000000     
   1000.0000000000000     
   201400000000000.00     
   1000.0000000000000     
   1000.0000000000000     
   1000.0000000000000     
   117700000000.00000     
   574.25300496157820     
   1000.0000000000000     
   1000.0000000000000     
   1136000000000000.0     
   544172769.49590385     
   669803580.34137952     
   1000.0000000000000     
   147200000000000.00     
   27607483.363025263     
   1000.0000000000000     
   1000.0000000000000     
   15736690398004.438     
   98014489.747006536     
   1000.0000000000000     
   1000.0000000000000     
   154100000000000.00     
   1000.0000000000000     
   1000.0000000000000     
   1000.0000000000000     
   113800000000.00000     
   837.73544379890745     
   1000.0000000000000     
   1000.0000000000000     
   769600000000000.00     
   192794425.99041820     
   227674489.97711977     
   1000.0000000000000     
   126500000000000.00     
   15953222.911085555     
   1000.0000000000000     
   1000.0000000000000     
   11665024970486.336     
   18918028.452032790     
   1000.0000000000000     
   1000.0000000000000     
   119600000000000.00     
   1000.0000000000000     
   1000.0000000000000     
   1000.0000000000000     
   111000000000.00000     
   812.62358321397062     
   1000.0000000000000     
   1000.0000000000000     
   526800000000000.00     
   656989838.84075332     
   824487193.75127697     
   1000.0000000000000     
   109300000000000.00     
   45535480.630480789     
   1000.0000000000000     
   1000.0000000000000     
   8709794579864.4629     
   121951309.39314079     
   1000.0000000000000     
   1000.0000000000000     
   93470000000000.000     
   1000.0000000000000     
   1000.0000000000000     
   1000.0000000000000     
   108600000000.00000     
   2564.8869020930588     
   1000.0000000000000     
   1000.0000000000000     
   364900000000000.00     
   9.9999999999999995E-021
   9.9999999999999995E-021
   1000.0000000000000     
   95254300000000.000     
   9.9999999999999995E-021
   1000.0000000000000     
   1000.0000000000000     
   6503245540868.6445     
   9.9999999999999995E-021
   1000.0000000000000     
   1000.0000000000000     
   73830000000000.000     
   1000.0000000000000     
   1000.0000000000000     
   1000.0000000000000     
   107000000000.00000     
   9.9999999999999995E-021
   1000.0000000000000     
   1000.0000000000000     
   254600000000000.00     
   209689028.13788143     
   255242657.75696188     
   1000.0000000000000     
   83583630000000.000     
   31114679.944884378     
   1000.0000000000000     
   1000.0000000000000     
   4855706087787.6504     
   14426380.285881404     
   1000.0000000000000     
   1000.0000000000000     
   58730000000000.000     
   1000.0000000000000     
   1000.0000000000000     
   1000.0000000000000     
   106200000000.00000     
   4569.3883146689723     
   1000.0000000000000     
   1000.0000000000000     
   177800000000000.00     
   222903778.41718617     
   280949380.61388922     
   1000.0000000000000     
   73352990000000.000     
   33587878.237682305     
   1000.0000000000000     
   1000.0000000000000     
   3625779232399.5869     
   24442730.199825209     
   1000.0000000000000     
   1000.0000000000000     
   46730000000000.000     
   1000.0000000000000     
   1000.0000000000000     
   1000.0000000000000     
   105300000000.00000     
   6993.7591955106682     
   1000.0000000000000     
   1000.0000000000000     
   124300000000000.00     
   9.9999999999999995E-021
   9.9999999999999995E-021
   1000.0000000000000     
   64402350000000.000     
   9.9999999999999995E-021
   1000.0000000000000     
   1000.0000000000000     
   2707409134827.6558     
   9.9999999999999995E-021
   1000.0000000000000     
   1000.0000000000000     
   37210000000000.000     
   1000.0000000000000     
   1000.0000000000000     
   1000.0000000000000     
   104500000000.00000     
   9.9999999999999995E-021
   1000.0000000000000     
   1000.0000000000000     
   86960000000000.000     
   9.9999999999999995E-021
   9.9999999999999995E-021
   1000.0000000000000     
   56551740000000.000     
   9.9999999999999995E-021
   1000.0000000000000     
   1000.0000000000000     
   2021652106627.8706     
   9.9999999999999995E-021
   1000.0000000000000     
   1000.0000000000000     
   29640000000000.000     
   1000.0000000000000     
   1000.0000000000000     
   1000.0000000000000     
   103600000000.00000     
   9.9999999999999995E-021
   1000.0000000000000     
   1000.0000000000000     
   60880000000000.000     
   78003958.196227238     
   104651887.48628366     
   1000.0000000000000     
   49681140000000.000     
   21889338.612392448     
   1000.0000000000000     
   1000.0000000000000     
   1510883454790.4309     
   4734096.9693513876     
   1000.0000000000000     
   1000.0000000000000     
   23620000000000.000     
   1000.0000000000000     
   1000.0000000000000     
   1000.0000000000000     
   102800000000.00000     
   16493.708312603678     
   1000.0000000000000     
   1000.0000000000000     
   42650000000000.000     
   9.9999999999999995E-021
   9.9999999999999995E-021
   1000.0000000000000     
   43650560000000.000     
   9.9999999999999995E-021
   1000.0000000000000     
   1000.0000000000000     
   1132894247623.8633     
   9.9999999999999995E-021
   1000.0000000000000     
   1000.0000000000000     
   18840000000000.000     
   1000.0000000000000     
   1000.0000000000000     
   1000.0000000000000     
   102000000000.00000     
   9.9999999999999995E-021
   1000.0000000000000     
   1000.0000000000000     
   29910000000000.000     
   134674697.84814137     
   175815689.37270877     
   1000.0000000000000     
   38370000000000.000     
   35172427.963781916     
   1000.0000000000000     
   1000.0000000000000     
   849469475775.85449     
   5937011.8672012640     
   1000.0000000000000     
   1000.0000000000000     
   15030000000000.000     
   1000.0000000000000     
   1000.0000000000000     
   1000.0000000000000     
   101100000000.00000     
   23551.693584200173     
   1000.0000000000000     
   1000.0000000000000     
