       0     3.19982e+19
       2     2.55121e+19
       4     2.20479e+19
       6     1.95706e+19
       8     1.87599e+19
      10     1.72904e+19
      12     1.08660e+19
      14     5.27160e+18
      16     1.85600e+18
      18     7.50991e+17
      20     3.64938e+17
      22     1.96920e+17
      24     1.45059e+17
      26     1.06087e+17
      28     7.69481e+16
      30     5.22266e+16
      32     2.66835e+16
      34     1.03318e+16
      36     5.59671e+15
      38     2.38976e+15
      40     1.94136e+15
      42     1.71579e+15
      44     1.44392e+15
      46     1.18056e+15
      48     9.59332e+14
      50     7.69093e+14
      52     6.15922e+14
      54     4.81742e+14
      56     3.74011e+14
      58     2.87585e+14
      60     2.14243e+14
      62     1.59592e+14
      64     1.15732e+14
      66     8.25941e+13
      68     5.89182e+13
      70     4.39141e+13
      72     3.30598e+13
      74     2.48380e+13
      76     1.89656e+13
      78     1.45593e+13
      80     1.11457e+13
      82     8.62927e+12
      84     6.73548e+12
      86     5.25497e+12
      88     4.02738e+12
      90     3.06347e+12
      92     2.32456e+12
      94     1.71173e+12
      96     1.25898e+12
      98     9.45257e+11
     100     7.26173e+11
     102     5.57996e+11
     104     4.33153e+11
     106     3.36507e+11
     108     2.60924e+11
     110     2.01792e+11
     112     1.56369e+11
     114     1.23925e+11
     116     9.78656e+10
     118     7.93468e+10
     120     6.47940e+10
     122     5.30988e+10
     124     4.51484e+10
     126     3.79342e+10
     128     3.25803e+10
     130     2.82731e+10
     132     2.42180e+10
     134     2.13815e+10
     136     1.87879e+10
     138     1.63076e+10
     140     1.45627e+10
     142     1.28978e+10
     144     1.13010e+10
     146     1.01066e+10
     148     9.00707e+09
     150     7.95440e+09
     152     7.08237e+09
     154     6.34686e+09
     156     5.64560e+09
     158     4.99028e+09
     160     4.49016e+09
     162     4.01824e+09
     164     3.57843e+09
     166     3.18191e+09
     168     2.85894e+09
     170     2.56028e+09
     172     2.28606e+09
     174     2.03578e+09
     176     1.82787e+09
     178     1.63948e+09
     180     1.46824e+09
     182     1.31302e+09
     184     1.17443e+09
     186     1.05478e+09
     188     9.46764e+08
     190     8.49333e+08
     192     7.61522e+08
     194     6.82441e+08
     196     6.12876e+08
     198     5.50459e+08
     200     4.94359e+08
