       0     2.46202e+23
       2     1.83029e+23
       4     1.57154e+23
       6     1.34255e+23
       8     1.13228e+23
      10     9.54202e+22
      12     8.04411e+22
      14     6.73545e+22
      16     5.60383e+22
      18     4.61842e+22
      20     3.75698e+22
      22     3.04169e+22
      24     2.43245e+22
      26     1.94430e+22
      28     1.55139e+22
      30     1.23871e+22
      32     9.91140e+21
      34     7.92192e+21
      36     6.26705e+21
      38     4.95955e+21
      40     3.85885e+21
      42     2.99680e+21
      44     2.32227e+21
      46     1.79686e+21
      48     1.39052e+21
      50     1.07662e+21
      52     8.33657e+20
      54     6.41638e+20
      56     4.92905e+20
      58     3.77193e+20
      60     2.84988e+20
      62     2.15353e+20
      64     1.61367e+20
      66     1.20499e+20
      68     9.01462e+19
      70     7.01783e+19
      72     5.52002e+19
      74     4.34248e+19
      76     3.47856e+19
      78     2.80845e+19
      80     2.26798e+19
      82     1.83208e+19
      84     1.48135e+19
      86     1.19911e+19
      88     9.52561e+18
      90     7.51556e+18
      92     5.92319e+18
      94     4.49675e+18
      96     3.41380e+18
      98     2.60038e+18
     100     1.98810e+18
     102     1.52025e+18
     104     1.15243e+18
     106     8.73382e+17
     108     6.55632e+17
     110     4.87169e+17
     112     3.61539e+17
     114     2.65256e+17
     116     1.94569e+17
     118     1.43086e+17
     120     1.05340e+17
     122     7.76322e+16
     124     5.75463e+16
     126     4.26416e+16
     128     3.17940e+16
     130     2.38157e+16
     132     1.78285e+16
     134     1.34810e+16
     136     1.02113e+16
     138     7.72713e+15
     140     5.91010e+15
     142     4.52106e+15
     144     3.45354e+15
     146     2.66230e+15
     148     2.05397e+15
     150     1.58142e+15
     152     1.22432e+15
     154     9.52316e+14
     156     7.38671e+14
     158     5.71165e+14
     160     4.48472e+14
     162     3.50919e+14
     164     2.73465e+14
     166     2.12982e+14
     168     1.68623e+14
     170     1.32855e+14
     172     1.04086e+14
     174     8.10128e+13
     176     6.46977e+13
     178     5.14618e+13
     180     4.06490e+13
     182     3.18422e+13
     184     2.49710e+13
     186     2.01416e+13
     188     1.61246e+13
     190     1.27931e+13
     192     1.00389e+13
     194     7.77014e+12
     196     6.31656e+12
     198     5.11791e+12
     200     4.10655e+12
