Mars solar minimum

Z: altitude (km)
CO2,N2,O,H,hotO: number density (cm-3)
SZA=44 deg
------------------------------------------------------

  Z     CO2        N2         O         H      hotO   
 100 8.090E+11 1.950E+10 5.100E+09 7.800E+05 0.000E+00
 104 5.425E+11 1.308E+10 3.420E+09 5.231E+05 0.000E+00
 108 3.575E+11 8.617E+09 2.254E+09 3.447E+05 0.000E+00
 112 2.355E+11 5.677E+09 1.485E+09 2.271E+05 0.000E+00
 116 1.546E+11 3.727E+09 9.747E+08 1.491E+05 0.000E+00
 120 9.946E+10 2.830E+09 8.381E+08 1.498E+05 0.000E+00
 124 6.362E+10 2.141E+09 7.193E+08 1.504E+05 0.000E+00
 128 4.008E+10 1.598E+09 6.096E+08 1.494E+05 0.000E+00
 132 2.489E+10 1.175E+09 5.085E+08 1.460E+05 0.000E+00
 136 1.544E+10 8.592E+08 4.208E+08 1.410E+05 0.000E+00
 140 9.703E+09 6.336E+08 3.499E+08 1.362E+05 0.000E+00
 144 6.080E+09 4.634E+08 2.874E+08 1.293E+05 0.000E+00
 148 3.953E+09 3.497E+08 2.426E+08 1.255E+05 0.000E+00
 152 2.590E+09 2.653E+08 2.054E+08 1.219E+05 0.000E+00
 156 1.705E+09 2.014E+08 1.735E+08 1.177E+05 0.000E+00
 160 1.136E+09 1.541E+08 1.472E+08 1.138E+05 0.000E+00
 164 7.696E+08 1.196E+08 1.265E+08 1.110E+05 0.000E+00
 168 5.268E+08 9.347E+07 1.093E+08 1.086E+05 0.000E+00
 172 3.649E+08 7.383E+07 9.523E+07 1.070E+05 2.430E+04
 176 2.546E+08 5.873E+07 8.356E+07 1.062E+05 2.363E+04
 180 1.778E+08 4.673E+07 7.333E+07 1.053E+05 2.299E+04
 184 1.243E+08 3.721E+07 6.438E+07 1.045E+05 2.235E+04
 188 8.696E+07 2.964E+07 5.653E+07 1.036E+05 2.174E+04
 192 6.088E+07 2.362E+07 4.966E+07 1.028E+05 2.114E+04
 196 4.265E+07 1.884E+07 4.363E+07 1.020E+05 2.056E+04
 200 2.991E+07 1.503E+07 3.835E+07 1.011E+05 2.000E+04
 204 2.099E+07 1.200E+07 3.371E+07 1.003E+05 1.945E+04
 208 1.474E+07 9.580E+06 2.965E+07 9.952E+04 1.892E+04
 212 1.036E+07 7.655E+06 2.608E+07 9.872E+04 1.840E+04
 216 7.287E+06 6.119E+06 2.295E+07 9.794E+04 1.790E+04
 220 5.130E+06 4.894E+06 2.020E+07 9.716E+04 1.741E+04
 224 3.614E+06 3.916E+06 1.778E+07 9.639E+04 1.693E+04
 228 2.548E+06 3.135E+06 1.566E+07 9.563E+04 1.647E+04
 232 1.798E+06 2.511E+06 1.380E+07 9.487E+04 1.602E+04
 236 1.270E+06 2.013E+06 1.216E+07 9.412E+04 1.558E+04
 240 8.971E+05 1.614E+06 1.071E+07 9.338E+04 1.516E+04
 244 6.344E+05 1.294E+06 9.446E+06 9.265E+04 1.474E+04
 248 4.490E+05 1.039E+06 8.330E+06 9.193E+04 1.434E+04
 252 3.180E+05 8.340E+05 7.348E+06 9.121E+04 1.395E+04
 256 2.254E+05 6.700E+05 6.484E+06 9.050E+04 1.357E+04
 260 1.599E+05 5.385E+05 5.723E+06 8.979E+04 1.320E+04
 264 1.135E+05 4.330E+05 5.052E+06 8.910E+04 1.283E+04
 268 8.064E+04 3.483E+05 4.462E+06 8.841E+04 1.248E+04
 272 5.733E+04 2.803E+05 3.941E+06 8.773E+04 1.214E+04
 276 4.079E+04 2.257E+05 3.482E+06 8.705E+04 1.181E+04
 280 2.904E+04 1.819E+05 3.078E+06 8.638E+04 1.149E+04
 284 2.069E+04 1.466E+05 2.721E+06 8.572E+04 1.117E+04
 288 1.476E+04 1.182E+05 2.406E+06 8.506E+04 1.087E+04
 292 1.053E+04 9.535E+04 2.128E+06 8.441E+04 1.057E+04
 296 7.519E+03 7.696E+04 1.883E+06 8.377E+04 1.028E+04
 300 5.373E+03 6.214E+04 1.666E+06 8.313E+04 1.000E+04
 304 3.843E+03 5.020E+04 1.475E+06 8.250E+04 9.742E+03
 308 2.750E+03 4.057E+04 1.306E+06 8.187E+04 9.490E+03
 312 1.969E+03 3.281E+04 1.157E+06 8.126E+04 9.245E+03
 316 1.411E+03 2.654E+04 1.025E+06 8.064E+04 9.007E+03
 320 1.012E+03 2.148E+04 9.081E+05 8.004E+04 8.774E+03
 324 7.265E+02 1.739E+04 8.049E+05 7.943E+04 8.548E+03
 328 5.218E+02 1.409E+04 7.136E+05 7.884E+04 8.327E+03
 332 3.750E+02 1.142E+04 6.329E+05 7.825E+04 8.112E+03
 336 2.697E+02 9.259E+03 5.614E+05 7.767E+04 7.902E+03
 340 1.942E+02 7.511E+03 4.981E+05 7.709E+04 7.698E+03
 344 1.398E+02 6.095E+03 4.421E+05 7.651E+04 7.500E+03
 348 1.008E+02 4.949E+03 3.925E+05 7.595E+04 7.306E+03
 352 7.270E+01 4.020E+03 3.485E+05 7.539E+04 7.117E+03
 356 5.247E+01 3.266E+03 3.095E+05 7.483E+04 6.934E+03
 360 3.790E+01 2.655E+03 2.750E+05 7.428E+04 6.755E+03
 364 2.739E+01 2.160E+03 2.444E+05 7.373E+04 6.580E+03
 368 1.981E+01 1.757E+03 2.172E+05 7.319E+04 6.410E+03
 372 1.434E+01 1.431E+03 1.931E+05 7.265E+04 6.245E+03
 376 1.038E+01 1.165E+03 1.717E+05 7.212E+04 6.084E+03
 380 7.526E+00 9.493E+02 1.528E+05 7.160E+04 5.927E+03
 384 5.459E+00 7.738E+02 1.359E+05 7.108E+04 5.774E+03
 388 3.961E+00 6.310E+02 1.210E+05 7.056E+04 5.624E+03
 392 2.877E+00 5.148E+02 1.077E+05 7.005E+04 5.479E+03
 396 2.091E+00 4.201E+02 9.588E+04 6.954E+04 5.338E+03
 400 1.520E+00 3.430E+02 8.539E+04 6.904E+04 5.200E+03
 404 1.106E+00 2.802E+02 7.607E+04 6.855E+04 5.071E+03
 408 8.057E-01 2.290E+02 6.779E+04 6.805E+04 4.946E+03
 412 5.871E-01 1.872E+02 6.041E+04 6.756E+04 4.823E+03
 416 4.281E-01 1.531E+02 5.386E+04 6.708E+04 4.704E+03
 420 3.123E-01 1.253E+02 4.803E+04 6.660E+04 4.588E+03
 424 2.280E-01 1.026E+02 4.284E+04 6.613E+04 4.474E+03
 428 1.666E-01 8.400E+01 3.821E+04 6.566E+04 4.363E+03
 432 1.218E-01 6.882E+01 3.410E+04 6.519E+04 4.255E+03
 436 8.911E-02 5.641E+01 3.044E+04 6.473E+04 4.150E+03
 440 6.523E-02 4.625E+01 2.717E+04 6.427E+04 4.047E+03
 444 4.778E-02 3.794E+01 2.426E+04 6.382E+04 3.947E+03
 448 3.502E-02 3.113E+01 2.167E+04 6.337E+04 3.849E+03
 452 2.569E-02 2.556E+01 1.936E+04 6.293E+04 3.754E+03
 456 1.885E-02 2.099E+01 1.730E+04 6.249E+04 3.661E+03
 460 1.385E-02 1.725E+01 1.547E+04 6.205E+04 3.571E+03
 464 1.017E-02 1.418E+01 1.383E+04 6.162E+04 3.482E+03
 468 7.482E-03 1.166E+01 1.236E+04 6.119E+04 3.396E+03
 472 5.505E-03 9.591E+00 1.106E+04 6.076E+04 3.312E+03
 476 4.053E-03 7.894E+00 9.894E+03 6.034E+04 3.230E+03
 480 2.986E-03 6.499E+00 8.853E+03 5.992E+04 3.150E+03
 484 2.200E-03 5.351E+00 7.922E+03 5.950E+04 3.077E+03
 488 1.621E-03 4.405E+00 7.088E+03 5.908E+04 3.005E+03
 492 1.194E-03 3.627E+00 6.342E+03 5.866E+04 2.935E+03
 496 8.797E-04 2.986E+00 5.675E+03 5.824E+04 2.867E+03
 500 6.481E-04 2.458E+00 5.078E+03 5.783E+04 2.800E+03
 504 4.775E-04 2.024E+00 4.544E+03 5.758E+04 2.761E+03
 508 3.518E-04 1.666E+00 4.066E+03 5.733E+04 2.723E+03
 512 2.592E-04 1.372E+00 3.638E+03 5.708E+04 2.686E+03
 516 1.909E-04 1.129E+00 3.255E+03 5.683E+04 2.649E+03
 520 1.407E-04 9.297E-01 2.913E+03 5.659E+04 2.612E+03
 524 1.036E-04 7.654E-01 2.606E+03 5.634E+04 2.577E+03
 528 7.636E-05 6.301E-01 2.332E+03 5.610E+04 2.541E+03
 532 5.626E-05 5.188E-01 2.087E+03 5.585E+04 2.506E+03
 536 4.145E-05 4.271E-01 1.867E+03 5.561E+04 2.472E+03
 540 3.053E-05 3.516E-01 1.671E+03 5.537E+04 2.438E+03
 544 2.250E-05 2.895E-01 1.495E+03 5.513E+04 2.404E+03
 548 1.657E-05 2.383E-01 1.338E+03 5.489E+04 2.371E+03
 552 1.221E-05 1.962E-01 1.197E+03 5.465E+04 2.338E+03
 556 8.996E-06 1.615E-01 1.071E+03 5.441E+04 2.306E+03
 560 6.628E-06 1.330E-01 9.582E+02 5.418E+04 2.274E+03
 564 4.883E-06 1.095E-01 8.574E+02 5.394E+04 2.243E+03
 568 3.597E-06 9.014E-02 7.672E+02 5.371E+04 2.212E+03
 572 2.650E-06 7.421E-02 6.865E+02 5.347E+04 2.182E+03
 576 1.953E-06 6.110E-02 6.142E+02 5.324E+04 2.152E+03
 580 1.439E-06 5.030E-02 5.496E+02 5.301E+04 2.122E+03
 584 1.060E-06 4.141E-02 4.918E+02 5.278E+04 2.093E+03
 588 7.808E-07 3.409E-02 4.400E+02 5.255E+04 2.064E+03
 592 5.753E-07 2.807E-02 3.937E+02 5.232E+04 2.036E+03
 596 4.238E-07 2.311E-02 3.523E+02 5.210E+04 2.008E+03
 600 3.122E-07 1.903E-02 3.152E+02 5.187E+04 1.980E+03
 604 2.300E-07 1.566E-02 2.821E+02 5.164E+04 1.953E+03
 608 1.695E-07 1.290E-02 2.524E+02 5.142E+04 1.926E+03
 612 1.249E-07 1.062E-02 2.258E+02 5.120E+04 1.899E+03
 616 9.199E-08 8.740E-03 2.021E+02 5.097E+04 1.873E+03
 620 6.777E-08 7.196E-03 1.808E+02 5.075E+04 1.847E+03
 624 4.993E-08 5.924E-03 1.618E+02 5.053E+04 1.822E+03
 628 3.679E-08 4.877E-03 1.448E+02 5.031E+04 1.797E+03
 632 2.710E-08 4.015E-03 1.295E+02 5.009E+04 1.772E+03
 636 1.997E-08 3.306E-03 1.159E+02 4.988E+04 1.748E+03
 640 1.471E-08 2.722E-03 1.037E+02 4.966E+04 1.724E+03
 644 1.084E-08 2.241E-03 9.280E+01 4.945E+04 1.700E+03
 648 7.984E-09 1.845E-03 8.304E+01 4.923E+04 1.676E+03
 652 5.882E-09 1.519E-03 7.430E+01 4.902E+04 1.653E+03
 656 4.334E-09 1.250E-03 6.648E+01 4.880E+04 1.631E+03
 660 3.193E-09 1.029E-03 5.949E+01 4.859E+04 1.608E+03
 664 2.352E-09 8.475E-04 5.323E+01 4.838E+04 1.586E+03
 668 1.733E-09 6.977E-04 4.763E+01 4.817E+04 1.564E+03
 672 1.277E-09 5.744E-04 4.262E+01 4.796E+04 1.543E+03
 676 9.407E-10 4.729E-04 3.813E+01 4.775E+04 1.521E+03
 680 6.930E-10 3.893E-04 3.412E+01 4.755E+04 1.500E+03
 684 5.106E-10 3.205E-04 3.053E+01 4.734E+04 1.480E+03
 688 3.762E-10 2.639E-04 2.732E+01 4.713E+04 1.459E+03
 692 2.771E-10 2.173E-04 2.444E+01 4.693E+04 1.439E+03
 696 2.042E-10 1.789E-04 2.187E+01 4.673E+04 1.420E+03
 700 1.504E-10 1.473E-04 1.957E+01 4.652E+04 1.400E+03
 704 1.108E-10 1.212E-04 1.751E+01 4.632E+04 1.387E+03
 708 8.165E-11 9.981E-05 1.567E+01 4.612E+04 1.375E+03
 712 6.015E-11 8.217E-05 1.402E+01 4.592E+04 1.362E+03
 716 4.432E-11 6.765E-05 1.255E+01 4.572E+04 1.350E+03
 720 3.265E-11 5.569E-05 1.123E+01 4.552E+04 1.338E+03
 724 2.405E-11 4.585E-05 1.004E+01 4.532E+04 1.326E+03
 728 1.772E-11 3.775E-05 8.988E+00 4.513E+04 1.314E+03
 732 1.306E-11 3.108E-05 8.042E+00 4.493E+04 1.302E+03
 736 9.619E-12 2.559E-05 7.196E+00 4.474E+04 1.290E+03
 740 7.087E-12 2.106E-05 6.439E+00 4.454E+04 1.279E+03
 744 5.221E-12 1.734E-05 5.761E+00 4.435E+04 1.267E+03
 748 3.847E-12 1.428E-05 5.155E+00 4.416E+04 1.256E+03
 752 2.834E-12 1.175E-05 4.613E+00 4.399E+04 1.245E+03
 756 2.088E-12 9.677E-06 4.127E+00 4.384E+04 1.233E+03
 760 1.538E-12 7.967E-06 3.693E+00 4.370E+04 1.222E+03
 764 1.133E-12 6.559E-06 3.305E+00 4.355E+04 1.211E+03
 768 8.349E-13 5.400E-06 2.957E+00 4.341E+04 1.200E+03
 772 6.151E-13 4.446E-06 2.646E+00 4.326E+04 1.189E+03
 776 4.532E-13 3.660E-06 2.367E+00 4.312E+04 1.179E+03
 780 3.339E-13 3.013E-06 2.118E+00 4.298E+04 1.168E+03
 784 2.460E-13 2.481E-06 1.895E+00 4.283E+04 1.158E+03
 788 1.812E-13 2.042E-06 1.696E+00 4.269E+04 1.147E+03
 792 1.335E-13 1.682E-06 1.518E+00 4.255E+04 1.137E+03
 796 9.836E-14 1.384E-06 1.358E+00 4.241E+04 1.127E+03
 800 7.247E-14 1.140E-06 1.215E+00 4.227E+04 1.116E+03
 804 5.339E-14 9.383E-07 1.087E+00 4.213E+04 1.106E+03
 808 3.933E-14 7.725E-07 9.728E-01 4.199E+04 1.096E+03
 812 2.898E-14 6.360E-07 8.704E-01 4.185E+04 1.087E+03
 816 2.135E-14 5.236E-07 7.788E-01 4.171E+04 1.077E+03
 820 1.573E-14 4.311E-07 6.969E-01 4.157E+04 1.067E+03
 824 1.159E-14 3.549E-07 6.236E-01 4.143E+04 1.057E+03
 828 8.538E-15 2.922E-07 5.580E-01 4.130E+04 1.048E+03
 832 6.290E-15 2.405E-07 4.993E-01 4.116E+04 1.038E+03
 836 4.634E-15 1.980E-07 4.467E-01 4.102E+04 1.029E+03
 840 3.414E-15 1.630E-07 3.997E-01 4.089E+04 1.020E+03
 844 2.515E-15 1.342E-07 3.577E-01 4.075E+04 1.011E+03
 848 1.853E-15 1.105E-07 3.200E-01 4.062E+04 1.002E+03
 852 1.365E-15 9.098E-08 2.864E-01 4.048E+04 9.925E+02
 856 1.006E-15 7.490E-08 2.562E-01 4.035E+04 9.835E+02
 860 7.410E-16 6.167E-08 2.293E-01 4.021E+04 9.747E+02
 864 5.460E-16 5.077E-08 2.052E-01 4.008E+04 9.659E+02
 868 4.022E-16 4.180E-08 1.836E-01 3.995E+04 9.572E+02
 872 2.963E-16 3.441E-08 1.643E-01 3.981E+04 9.486E+02
 876 2.183E-16 2.833E-08 1.470E-01 3.968E+04 9.400E+02
 880 1.608E-16 2.332E-08 1.315E-01 3.955E+04 9.316E+02
 884 1.185E-16 1.920E-08 1.177E-01 3.942E+04 9.232E+02
 888 8.730E-17 1.581E-08 1.053E-01 3.929E+04 9.148E+02
 892 6.432E-17 1.301E-08 9.421E-02 3.916E+04 9.066E+02
 896 4.739E-17 1.071E-08 8.430E-02 3.903E+04 8.984E+02
 900 3.491E-17 8.821E-09 7.543E-02 3.890E+04 8.903E+02
 904 2.572E-17 7.262E-09 6.749E-02 3.877E+04 8.823E+02
 908 1.895E-17 5.979E-09 6.039E-02 3.864E+04 8.743E+02
 912 1.396E-17 4.922E-09 5.404E-02 3.851E+04 8.665E+02
 916 1.029E-17 4.053E-09 4.835E-02 3.839E+04 8.587E+02
 920 7.578E-18 3.336E-09 4.326E-02 3.826E+04 8.509E+02
 924 5.583E-18 2.747E-09 3.871E-02 3.813E+04 8.433E+02
 928 4.113E-18 2.261E-09 3.464E-02 3.801E+04 8.357E+02
 932 3.030E-18 1.862E-09 3.099E-02 3.788E+04 8.281E+02
 936 2.233E-18 1.533E-09 2.773E-02 3.775E+04 8.207E+02
 940 1.645E-18 1.262E-09 2.482E-02 3.763E+04 8.133E+02
 944 1.212E-18 1.039E-09 2.220E-02 3.750E+04 8.059E+02
 948 8.928E-19 8.553E-10 1.987E-02 3.738E+04 7.987E+02
 952 6.577E-19 7.042E-10 1.778E-02 3.726E+04 7.915E+02
 956 4.846E-19 5.797E-10 1.591E-02 3.713E+04 7.843E+02
 960 3.570E-19 4.773E-10 1.423E-02 3.701E+04 7.773E+02
 964 2.630E-19 3.929E-10 1.274E-02 3.689E+04 7.703E+02
 968 1.938E-19 3.235E-10 1.140E-02 3.676E+04 7.633E+02
 972 1.428E-19 2.663E-10 1.020E-02 3.664E+04 7.564E+02
 976 1.052E-19 2.193E-10 9.124E-03 3.652E+04 7.496E+02
 980 7.749E-20 1.805E-10 8.164E-03 3.640E+04 7.429E+02
 984 5.709E-20 1.486E-10 7.305E-03 3.628E+04 7.362E+02
 988 4.206E-20 1.224E-10 6.537E-03 3.616E+04 7.295E+02
 992 3.099E-20 1.007E-10 5.849E-03 3.604E+04 7.230E+02
 996 2.283E-20 8.293E-11 5.233E-03 3.592E+04 7.165E+02
1000 1.682E-20 6.828E-11 4.683E-03 3.580E+04 7.100E+02
1004 1.239E-20 5.621E-11 4.190E-03 3.569E+04 7.070E+02
1008 9.129E-21 4.628E-11 3.749E-03 3.558E+04 7.041E+02
1012 6.726E-21 3.810E-11 3.355E-03 3.548E+04 7.011E+02
1016 4.955E-21 3.137E-11 3.002E-03 3.537E+04 6.982E+02
1020 3.651E-21 2.582E-11 2.686E-03 3.526E+04 6.952E+02
1024 2.690E-21 2.126E-11 2.403E-03 3.516E+04 6.923E+02
1028 1.982E-21 1.750E-11 2.150E-03 3.505E+04 6.894E+02
1032 1.460E-21 1.441E-11 1.924E-03 3.495E+04 6.865E+02
1036 1.076E-21 1.186E-11 1.722E-03 3.484E+04 6.837E+02
1040 7.924E-22 9.767E-12 1.541E-03 3.474E+04 6.808E+02
1044 5.838E-22 8.041E-12 1.379E-03 3.463E+04 6.779E+02
1048 4.301E-22 6.620E-12 1.233E-03 3.453E+04 6.751E+02
1052 3.169E-22 5.450E-12 1.104E-03 3.443E+04 6.723E+02
1056 2.334E-22 4.487E-12 9.876E-04 3.432E+04 6.695E+02
1060 1.720E-22 3.694E-12 8.837E-04 3.422E+04 6.666E+02
1064 1.267E-22 3.041E-12 7.907E-04 3.412E+04 6.639E+02
1068 9.335E-23 2.504E-12 7.075E-04 3.401E+04 6.611E+02
1072 6.878E-23 2.061E-12 6.330E-04 3.391E+04 6.583E+02
1076 5.067E-23 1.697E-12 5.664E-04 3.381E+04 6.555E+02
1080 3.733E-23 1.397E-12 5.068E-04 3.371E+04 6.528E+02
1084 2.750E-23 1.150E-12 4.535E-04 3.361E+04 6.501E+02
1088 2.026E-23 9.470E-13 4.058E-04 3.350E+04 6.473E+02
1092 1.493E-23 7.797E-13 3.631E-04 3.340E+04 6.446E+02
1096 1.100E-23 6.419E-13 3.249E-04 3.330E+04 6.419E+02
1100 8.103E-24 5.285E-13 2.907E-04 3.320E+04 6.392E+02
1104 5.970E-24 4.351E-13 2.601E-04 3.310E+04 6.365E+02
1108 4.398E-24 3.582E-13 2.328E-04 3.300E+04 6.339E+02
1112 3.240E-24 2.949E-13 2.083E-04 3.290E+04 6.312E+02
1116 2.387E-24 2.428E-13 1.864E-04 3.281E+04 6.286E+02
1120 1.759E-24 1.999E-13 1.667E-04 3.271E+04 6.259E+02
1124 1.296E-24 1.646E-13 1.492E-04 3.261E+04 6.233E+02
1128 9.546E-25 1.355E-13 1.335E-04 3.251E+04 6.207E+02
1132 7.033E-25 1.115E-13 1.195E-04 3.241E+04 6.181E+02
1136 5.181E-25 9.182E-14 1.069E-04 3.232E+04 6.155E+02
1140 3.817E-25 7.560E-14 9.564E-05 3.222E+04 6.129E+02
1144 2.812E-25 6.224E-14 8.558E-05 3.212E+04 6.104E+02
1148 2.072E-25 5.124E-14 7.658E-05 3.202E+04 6.078E+02
1152 1.527E-25 4.218E-14 6.852E-05 3.193E+04 6.053E+02
1156 1.125E-25 3.473E-14 6.131E-05 3.183E+04 6.027E+02
1160 8.286E-26 2.859E-14 5.486E-05 3.174E+04 6.002E+02
1164 6.104E-26 2.354E-14 4.909E-05 3.164E+04 5.977E+02
1168 4.497E-26 1.938E-14 4.392E-05 3.155E+04 5.952E+02
1172 3.313E-26 1.595E-14 3.930E-05 3.145E+04 5.927E+02
1176 2.441E-26 1.314E-14 3.517E-05 3.136E+04 5.902E+02
1180 1.798E-26 1.081E-14 3.147E-05 3.126E+04 5.877E+02
1184 1.325E-26 8.903E-15 2.816E-05 3.117E+04 5.853E+02
1188 9.762E-27 7.330E-15 2.519E-05 3.107E+04 5.828E+02
1192 7.192E-27 6.035E-15 2.254E-05 3.098E+04 5.804E+02
1196 5.298E-27 4.968E-15 2.017E-05 3.089E+04 5.779E+02
1200 3.904E-27 4.090E-15 1.805E-05 3.079E+04 5.755E+02
1204 2.876E-27 3.367E-15 1.615E-05 3.070E+04 5.731E+02
1208 2.119E-27 2.772E-15 1.445E-05 3.061E+04 5.707E+02
1212 1.561E-27 2.282E-15 1.293E-05 3.052E+04 5.683E+02
1216 1.150E-27 1.879E-15 1.157E-05 3.043E+04 5.659E+02
1220 8.473E-28 1.547E-15 1.035E-05 3.033E+04 5.636E+02
1224 6.242E-28 1.274E-15 9.263E-06 3.024E+04 5.612E+02
1228 4.599E-28 1.049E-15 8.288E-06 3.015E+04 5.588E+02
1232 3.388E-28 8.632E-16 7.416E-06 3.006E+04 5.565E+02
1236 2.496E-28 7.107E-16 6.636E-06 2.997E+04 5.542E+02
1240 1.839E-28 5.851E-16 5.938E-06 2.988E+04 5.518E+02
1244 1.355E-28 4.817E-16 5.313E-06 2.979E+04 5.495E+02
1248 9.982E-29 3.966E-16 4.754E-06 2.970E+04 5.472E+02
1252 7.354E-29 3.265E-16 4.254E-06 2.961E+04 5.449E+02
1256 5.418E-29 2.688E-16 3.806E-06 2.952E+04 5.426E+02
1260 3.992E-29 2.213E-16 3.406E-06 2.943E+04 5.404E+02
1264 2.941E-29 1.822E-16 3.047E-06 2.935E+04 5.381E+02
1268 2.167E-29 1.500E-16 2.727E-06 2.926E+04 5.359E+02
1272 1.596E-29 1.235E-16 2.440E-06 2.917E+04 5.336E+02
1276 1.176E-29 1.017E-16 2.183E-06 2.908E+04 5.314E+02
1280 8.664E-30 8.370E-17 1.953E-06 2.899E+04 5.291E+02
1284 6.383E-30 6.891E-17 1.748E-06 2.891E+04 5.269E+02
1288 4.703E-30 5.673E-17 1.564E-06 2.882E+04 5.247E+02
1292 3.465E-30 4.671E-17 1.399E-06 2.873E+04 5.225E+02
1296 2.553E-30 3.845E-17 1.252E-06 2.865E+04 5.203E+02
1300 1.881E-30 3.166E-17 1.120E-06 2.856E+04 5.181E+02
1304 1.386E-30 2.606E-17 1.003E-06 2.848E+04 5.160E+02
1308 1.021E-30 2.146E-17 8.971E-07 2.839E+04 5.138E+02
1312 7.520E-31 1.767E-17 8.027E-07 2.830E+04 5.117E+02
1316 5.540E-31 1.454E-17 7.182E-07 2.822E+04 5.095E+02
1320 4.082E-31 1.197E-17 6.427E-07 2.813E+04 5.074E+02
1324 3.007E-31 9.858E-18 5.751E-07 2.805E+04 5.053E+02
1328 2.216E-31 8.116E-18 5.145E-07 2.797E+04 5.031E+02
1332 1.632E-31 6.681E-18 4.604E-07 2.788E+04 5.010E+02
1336 1.203E-31 5.501E-18 4.120E-07 2.780E+04 4.989E+02
1340 8.860E-32 4.529E-18 3.686E-07 2.771E+04 4.968E+02
1344 6.527E-32 3.728E-18 3.298E-07 2.763E+04 4.948E+02
1348 4.809E-32 3.070E-18 2.951E-07 2.755E+04 4.927E+02
1352 3.543E-32 2.527E-18 2.641E-07 2.746E+04 4.906E+02
1356 2.610E-32 2.081E-18 2.363E-07 2.738E+04 4.886E+02
1360 1.923E-32 1.713E-18 2.114E-07 2.730E+04 4.865E+02
1364 1.417E-32 1.410E-18 1.892E-07 2.722E+04 4.845E+02
1368 1.044E-32 1.161E-18 1.693E-07 2.714E+04 4.824E+02
1372 7.690E-33 9.558E-19 1.515E-07 2.705E+04 4.804E+02
1376 5.666E-33 7.869E-19 1.355E-07 2.697E+04 4.784E+02
1380 4.174E-33 6.478E-19 1.213E-07 2.689E+04 4.764E+02
1384 3.075E-33 5.334E-19 1.085E-07 2.681E+04 4.744E+02
1388 2.266E-33 4.391E-19 9.710E-08 2.673E+04 4.724E+02
1392 1.669E-33 3.615E-19 8.688E-08 2.665E+04 4.704E+02
1396 1.230E-33 2.976E-19 7.774E-08 2.657E+04 4.685E+02
1400 9.060E-34 2.450E-19 6.956E-08 2.649E+04 4.665E+02
1404 6.675E-34 2.017E-19 6.224E-08 2.641E+04 4.645E+02
1408 4.918E-34 1.661E-19 5.569E-08 2.633E+04 4.626E+02
1412 3.623E-34 1.367E-19 4.983E-08 2.625E+04 4.607E+02
1416 2.669E-34 1.126E-19 4.459E-08 2.617E+04 4.587E+02
1420 1.966E-34 9.267E-20 3.990E-08 2.609E+04 4.568E+02
1424 1.449E-34 7.630E-20 3.570E-08 2.601E+04 4.549E+02
1428 1.067E-34 6.281E-20 3.194E-08 2.594E+04 4.530E+02
1432 7.864E-35 5.171E-20 2.858E-08 2.586E+04 4.511E+02
1436 5.794E-35 4.258E-20 2.558E-08 2.578E+04 4.492E+02
1440 4.268E-35 3.505E-20 2.288E-08 2.570E+04 4.473E+02
1444 3.145E-35 2.886E-20 2.048E-08 2.563E+04 4.454E+02
1448 2.317E-35 2.376E-20 1.832E-08 2.555E+04 4.436E+02
1452 1.707E-35 1.956E-20 1.639E-08 2.547E+04 4.417E+02
1456 1.258E-35 1.610E-20 1.467E-08 2.540E+04 4.399E+02
1460 9.265E-36 1.326E-20 1.313E-08 2.532E+04 4.380E+02
1464 6.826E-36 1.091E-20 1.175E-08 2.524E+04 4.362E+02
1468 5.029E-36 8.986E-21 1.051E-08 2.517E+04 4.344E+02
1472 3.705E-36 7.398E-21 9.404E-09 2.509E+04 4.325E+02
1476 2.729E-36 6.090E-21 8.414E-09 2.502E+04 4.307E+02
1480 2.011E-36 5.014E-21 7.529E-09 2.494E+04 4.289E+02
1484 1.482E-36 4.128E-21 6.737E-09 2.487E+04 4.271E+02
1488 1.091E-36 3.399E-21 6.028E-09 2.479E+04 4.253E+02
1492 8.041E-37 2.798E-21 5.394E-09 2.472E+04 4.235E+02
1496 5.924E-37 2.304E-21 4.826E-09 2.464E+04 4.218E+02
1500 4.365E-37 1.896E-21 4.318E-09 2.457E+04 4.200E+02
1504 3.216E-37 1.561E-21 3.864E-09 2.449E+04 4.189E+02
1508 2.369E-37 1.285E-21 3.457E-09 2.442E+04 4.177E+02
1512 1.745E-37 1.058E-21 3.094E-09 2.435E+04 4.166E+02
1516 1.286E-37 8.713E-22 2.768E-09 2.427E+04 4.155E+02
1520 9.474E-38 7.173E-22 2.477E-09 2.420E+04 4.144E+02
1524 6.980E-38 5.905E-22 2.216E-09 2.413E+04 4.133E+02
1528 5.142E-38 4.862E-22 1.983E-09 2.406E+04 4.122E+02
1532 3.788E-38 4.003E-22 1.774E-09 2.398E+04 4.111E+02
1536 2.791E-38 3.295E-22 1.588E-09 2.391E+04 4.099E+02
1540 2.056E-38 2.713E-22 1.421E-09 2.384E+04 4.088E+02
1544 1.515E-38 2.234E-22 1.271E-09 2.377E+04 4.077E+02
1548 1.116E-38 1.839E-22 1.137E-09 2.370E+04 4.067E+02
1552 8.223E-39 1.514E-22 1.018E-09 2.362E+04 4.056E+02
1556 6.058E-39 1.246E-22 9.107E-10 2.355E+04 4.045E+02
1560 4.463E-39 1.026E-22 8.149E-10 2.348E+04 4.034E+02
1564 3.288E-39 8.448E-23 7.292E-10 2.341E+04 4.023E+02
1568 2.423E-39 6.955E-23 6.524E-10 2.334E+04 4.012E+02
1572 1.785E-39 5.726E-23 5.838E-10 2.327E+04 4.001E+02
1576 1.315E-39 4.714E-23 5.224E-10 2.320E+04 3.991E+02
1580 9.688E-40 3.881E-23 4.674E-10 2.313E+04 3.980E+02
1584 7.137E-40 3.195E-23 4.182E-10 2.306E+04 3.969E+02
1588 5.258E-40 2.630E-23 3.742E-10 2.299E+04 3.959E+02
1592 3.874E-40 2.166E-23 3.348E-10 2.292E+04 3.948E+02
1596 2.854E-40 1.783E-23 2.996E-10 2.285E+04 3.937E+02
1600 2.103E-40 1.468E-23 2.681E-10 2.279E+04 3.927E+02
1604 1.549E-40 1.208E-23 2.399E-10 2.272E+04 3.916E+02
1608 1.141E-40 9.949E-24 2.146E-10 2.265E+04 3.906E+02
1612 8.409E-41 8.191E-24 1.921E-10 2.258E+04 3.895E+02
1616 6.195E-41 6.743E-24 1.719E-10 2.251E+04 3.885E+02
1620 4.564E-41 5.552E-24 1.538E-10 2.245E+04 3.874E+02
1624 3.363E-41 4.571E-24 1.376E-10 2.238E+04 3.864E+02
1628 2.477E-41 3.763E-24 1.231E-10 2.231E+04 3.853E+02
1632 1.825E-41 3.098E-24 1.102E-10 2.224E+04 3.843E+02
1636 1.345E-41 2.551E-24 9.857E-11 2.218E+04 3.833E+02
1640 9.906E-42 2.100E-24 8.820E-11 2.211E+04 3.822E+02
1644 7.298E-42 1.729E-24 7.892E-11 2.204E+04 3.812E+02
1648 5.377E-42 1.423E-24 7.062E-11 2.198E+04 3.802E+02
1652 3.961E-42 1.172E-24 6.319E-11 2.191E+04 3.792E+02
1656 2.919E-42 9.647E-25 5.654E-11 2.184E+04 3.781E+02
1660 2.150E-42 7.942E-25 5.059E-11 2.178E+04 3.771E+02
1664 1.584E-42 6.538E-25 4.527E-11 2.171E+04 3.761E+02
1668 1.167E-42 5.383E-25 4.050E-11 2.165E+04 3.751E+02
1672 8.599E-43 4.432E-25 3.624E-11 2.158E+04 3.741E+02
1676 6.335E-43 3.649E-25 3.243E-11 2.152E+04 3.731E+02
1680 4.667E-43 3.004E-25 2.902E-11 2.145E+04 3.721E+02
1684 3.438E-43 2.473E-25 2.596E-11 2.139E+04 3.711E+02
1688 2.533E-43 2.036E-25 2.323E-11 2.132E+04 3.701E+02
1692 1.866E-43 1.676E-25 2.079E-11 2.126E+04 3.691E+02
1696 1.375E-43 1.380E-25 1.860E-11 2.120E+04 3.681E+02
1700 1.013E-43 1.136E-25 1.664E-11 2.113E+04 3.671E+02
1704 7.463E-44 9.353E-26 1.489E-11 2.107E+04 3.661E+02
1708 5.498E-44 7.700E-26 1.333E-11 2.101E+04 3.651E+02
1712 4.051E-44 6.340E-26 1.192E-11 2.094E+04 3.642E+02
1716 2.984E-44 5.219E-26 1.067E-11 2.088E+04 3.632E+02
1720 2.199E-44 4.297E-26 9.546E-12 2.082E+04 3.622E+02
1724 1.620E-44 3.538E-26 8.542E-12 2.075E+04 3.612E+02
1728 1.193E-44 2.912E-26 7.643E-12 2.069E+04 3.603E+02
1732 8.793E-45 2.398E-26 6.839E-12 2.063E+04 3.593E+02
1736 6.478E-45 1.974E-26 6.120E-12 2.057E+04 3.583E+02
1740 4.773E-45 1.625E-26 5.476E-12 2.051E+04 3.574E+02
1744 3.516E-45 1.338E-26 4.900E-12 2.044E+04 3.564E+02
1748 2.590E-45 1.102E-26 4.384E-12 2.038E+04 3.554E+02
1752 1.908E-45 9.069E-27 3.923E-12 2.032E+04 3.545E+02
1756 1.406E-45 7.466E-27 3.510E-12 2.026E+04 3.535E+02
1760 1.036E-45 6.147E-27 3.141E-12 2.020E+04 3.526E+02
1764 7.632E-46 5.061E-27 2.810E-12 2.014E+04 3.516E+02
1768 5.623E-46 4.166E-27 2.515E-12 2.008E+04 3.507E+02
1772 4.142E-46 3.430E-27 2.250E-12 2.002E+04 3.497E+02
1776 3.052E-46 2.824E-27 2.013E-12 1.996E+04 3.488E+02
1780 2.248E-46 2.325E-27 1.801E-12 1.990E+04 3.479E+02
1784 1.657E-46 1.914E-27 1.612E-12 1.984E+04 3.469E+02
1788 1.220E-46 1.576E-27 1.442E-12 1.978E+04 3.460E+02
1792 8.991E-47 1.297E-27 1.291E-12 1.972E+04 3.451E+02
1796 6.624E-47 1.068E-27 1.155E-12 1.966E+04 3.441E+02
1800 4.880E-47 8.793E-28 1.033E-12 1.960E+04 3.432E+02
1804 3.595E-47 7.239E-28 9.246E-13 1.954E+04 3.423E+02
1808 2.649E-47 5.960E-28 8.273E-13 1.948E+04 3.414E+02
1812 1.952E-47 4.907E-28 7.402E-13 1.942E+04 3.405E+02
1816 1.438E-47 4.040E-28 6.624E-13 1.937E+04 3.395E+02
1820 1.059E-47 3.326E-28 5.927E-13 1.931E+04 3.386E+02
1824 7.804E-48 2.738E-28 5.303E-13 1.925E+04 3.377E+02
1828 5.750E-48 2.254E-28 4.745E-13 1.919E+04 3.368E+02
1832 4.236E-48 1.856E-28 4.246E-13 1.913E+04 3.359E+02
1836 3.121E-48 1.528E-28 3.799E-13 1.908E+04 3.350E+02
1840 2.299E-48 1.258E-28 3.399E-13 1.902E+04 3.341E+02
1844 1.694E-48 1.036E-28 3.042E-13 1.896E+04 3.332E+02
1848 1.248E-48 8.526E-29 2.722E-13 1.890E+04 3.323E+02
1852 9.194E-49 7.019E-29 2.435E-13 1.885E+04 3.314E+02
1856 6.774E-49 5.779E-29 2.179E-13 1.879E+04 3.305E+02
1860 4.990E-49 4.758E-29 1.950E-13 1.873E+04 3.296E+02
1864 3.677E-49 3.917E-29 1.745E-13 1.868E+04 3.288E+02
1868 2.709E-49 3.225E-29 1.561E-13 1.862E+04 3.279E+02
1872 1.996E-49 2.655E-29 1.397E-13 1.857E+04 3.270E+02
1876 1.470E-49 2.186E-29 1.250E-13 1.851E+04 3.261E+02
1880 1.083E-49 1.799E-29 1.118E-13 1.845E+04 3.252E+02
1884 7.980E-50 1.481E-29 1.001E-13 1.840E+04 3.244E+02
1888 5.879E-50 1.220E-29 8.954E-14 1.834E+04 3.235E+02
1892 4.332E-50 1.004E-29 8.012E-14 1.829E+04 3.226E+02
1896 3.191E-50 8.267E-30 7.169E-14 1.823E+04 3.217E+02
1900 2.351E-50 6.806E-30 6.415E-14 1.818E+04 3.209E+02
1904 1.732E-50 5.603E-30 5.740E-14 1.812E+04 3.200E+02
1908 1.276E-50 4.613E-30 5.136E-14 1.807E+04 3.192E+02
1912 9.402E-51 3.798E-30 4.596E-14 1.801E+04 3.183E+02
1916 6.927E-51 3.127E-30 4.112E-14 1.796E+04 3.174E+02
1920 5.103E-51 2.574E-30 3.679E-14 1.791E+04 3.166E+02
1924 3.760E-51 2.119E-30 3.292E-14 1.785E+04 3.157E+02
1928 2.770E-51 1.745E-30 2.946E-14 1.780E+04 3.149E+02
1932 2.041E-51 1.436E-30 2.636E-14 1.775E+04 3.140E+02
1936 1.503E-51 1.183E-30 2.359E-14 1.769E+04 3.132E+02
1940 1.108E-51 9.736E-31 2.110E-14 1.764E+04 3.124E+02
1944 8.161E-52 8.016E-31 1.888E-14 1.759E+04 3.115E+02
1948 6.012E-52 6.599E-31 1.690E-14 1.753E+04 3.107E+02
1952 4.429E-52 5.433E-31 1.512E-14 1.748E+04 3.098E+02
1956 3.263E-52 4.473E-31 1.353E-14 1.743E+04 3.090E+02
1960 2.404E-52 3.682E-31 1.210E-14 1.738E+04 3.082E+02
1964 1.771E-52 3.032E-31 1.083E-14 1.732E+04 3.074E+02
1968 1.305E-52 2.496E-31 9.692E-15 1.727E+04 3.065E+02
1972 9.614E-53 2.055E-31 8.672E-15 1.722E+04 3.057E+02
1976 7.083E-53 1.692E-31 7.759E-15 1.717E+04 3.049E+02
1980 5.218E-53 1.393E-31 6.943E-15 1.712E+04 3.041E+02
1984 3.845E-53 1.147E-31 6.213E-15 1.706E+04 3.032E+02
1988 2.832E-53 9.440E-32 5.559E-15 1.701E+04 3.024E+02
1992 2.087E-53 7.772E-32 4.974E-15 1.696E+04 3.016E+02
1996 1.537E-53 6.398E-32 4.451E-15 1.691E+04 3.008E+02
2000 1.133E-53 5.268E-32 3.982E-15 1.686E+04 3.000E+02
