Mars solar minimum

Z: altitude (km)
TN,TI,TE: temperature (K)
SZA=44 deg
----------------------------------

  Z      TN        TI        TE   
 100 1.750E+02 1.750E+02 1.500E+02
 104 1.710E+02 1.710E+02 1.550E+02
 108 1.688E+02 1.688E+02 1.650E+02
 112 1.660E+02 1.660E+02 1.750E+02
 116 1.624E+02 1.624E+02 1.830E+02
 120 1.600E+02 1.600E+02 2.050E+02
 124 1.576E+02 1.576E+02 2.200E+02
 128 1.570E+02 1.570E+02 2.450E+02
 132 1.590E+02 1.590E+02 2.650E+02
 136 1.630E+02 1.630E+02 2.850E+02
 140 1.670E+02 1.670E+02 3.100E+02
 144 1.742E+02 1.741E+02 3.300E+02
 148 1.778E+02 1.778E+02 3.900E+02
 152 1.814E+02 1.814E+02 5.000E+02
 156 1.862E+02 1.862E+02 7.500E+02
 160 1.910E+02 2.000E+02 1.100E+03
 164 1.942E+02 2.020E+02 1.200E+03
 168 1.968E+02 2.050E+02 1.600E+03
 172 1.980E+02 2.100E+02 1.800E+03
 176 1.980E+02 2.200E+02 1.950E+03
 180 1.980E+02 2.300E+02 2.100E+03
 184 1.980E+02 2.400E+02 2.250E+03
 188 1.980E+02 2.500E+02 2.300E+03
 192 1.980E+02 2.700E+02 2.400E+03
 196 1.980E+02 2.900E+02 2.460E+03
 200 1.980E+02 3.150E+02 2.500E+03
 204 1.980E+02 3.500E+02 2.550E+03
 208 1.980E+02 3.900E+02 2.600E+03
 212 1.980E+02 4.300E+02 2.650E+03
 216 1.980E+02 4.400E+02 2.700E+03
 220 1.980E+02 4.500E+02 2.750E+03
 224 1.980E+02 4.700E+02 2.790E+03
 228 1.980E+02 5.500E+02 2.820E+03
 232 1.980E+02 6.200E+02 2.850E+03
 236 1.980E+02 7.400E+02 2.890E+03
 240 1.980E+02 8.800E+02 2.920E+03
 244 1.980E+02 1.100E+03 2.960E+03
 248 1.980E+02 1.300E+03 3.000E+03
 252 1.980E+02 1.450E+03 3.020E+03
 256 1.980E+02 1.475E+03 3.060E+03
 260 1.980E+02 1.490E+03 3.100E+03
 264 1.980E+02 1.500E+03 3.130E+03
 268 1.980E+02 1.600E+03 3.150E+03
 272 1.980E+02 1.620E+03 3.160E+03
 276 1.980E+02 1.750E+03 3.170E+03
 280 1.980E+02 1.800E+03 3.180E+03
 284 1.980E+02 1.900E+03 3.190E+03
 288 1.980E+02 1.920E+03 3.200E+03
 292 1.980E+02 2.100E+03 3.210E+03
 296 1.980E+02 2.200E+03 3.220E+03
 300 1.980E+02 2.250E+03 3.230E+03
 304 1.980E+02 2.300E+03 3.240E+03
 308 1.980E+02 2.350E+03 3.250E+03
 312 1.980E+02 2.450E+03 3.260E+03
 316 1.980E+02 2.500E+03 3.270E+03
 320 1.980E+02 2.550E+03 3.280E+03
 324 1.980E+02 2.650E+03 3.290E+03
 328 1.980E+02 2.700E+03 3.300E+03
 332 1.980E+02 2.750E+03 3.310E+03
 336 1.980E+02 2.800E+03 3.320E+03
 340 1.980E+02 2.880E+03 3.320E+03
 344 1.980E+02 2.950E+03 3.330E+03
 348 1.980E+02 3.000E+03 3.340E+03
 352 1.980E+02 3.050E+03 3.350E+03
 356 1.980E+02 3.130E+03 3.360E+03
 360 1.980E+02 3.195E+03 3.370E+03
 364 1.980E+02 3.260E+03 3.380E+03
 368 1.980E+02 3.325E+03 3.390E+03
 372 1.980E+02 3.390E+03 3.400E+03
 376 1.980E+02 3.455E+03 3.410E+03
 380 1.980E+02 3.520E+03 3.420E+03
 384 1.980E+02 3.584E+03 3.430E+03
 388 1.980E+02 3.648E+03 3.440E+03
 392 1.980E+02 3.712E+03 3.450E+03
 396 1.980E+02 3.776E+03 3.460E+03
 400 1.980E+02 3.840E+03 3.470E+03
 404 1.980E+02 3.902E+03 3.480E+03
 408 1.980E+02 3.964E+03 3.490E+03
 412 1.980E+02 4.026E+03 3.500E+03
 416 1.980E+02 4.088E+03 3.510E+03
 420 1.980E+02 4.150E+03 3.520E+03
 424 1.980E+02 4.170E+03 3.530E+03
 428 1.980E+02 4.190E+03 3.540E+03
 432 1.980E+02 4.210E+03 3.550E+03
 436 1.980E+02 4.230E+03 3.560E+03
 440 1.980E+02 4.250E+03 3.570E+03
 444 1.980E+02 4.270E+03 3.570E+03
 448 1.980E+02 4.290E+03 3.580E+03
 452 1.980E+02 4.310E+03 3.590E+03
 456 1.980E+02 4.330E+03 3.600E+03
 460 1.980E+02 4.350E+03 3.610E+03
 464 1.980E+02 4.370E+03 3.620E+03
 468 1.980E+02 4.390E+03 3.630E+03
 472 1.980E+02 4.410E+03 3.640E+03
 476 1.980E+02 4.430E+03 3.650E+03
 480 1.980E+02 4.450E+03 3.660E+03
 484 1.980E+02 4.450E+03 3.660E+03
 488 1.980E+02 4.450E+03 3.660E+03
 492 1.980E+02 4.450E+03 3.660E+03
 496 1.980E+02 4.450E+03 3.660E+03
 500 1.980E+02 4.450E+03 3.660E+03
 504 1.980E+02 4.450E+03 3.660E+03
 508 1.980E+02 4.450E+03 3.660E+03
 512 1.980E+02 4.450E+03 3.660E+03
 516 1.980E+02 4.450E+03 3.660E+03
 520 1.980E+02 4.450E+03 3.660E+03
 524 1.980E+02 4.450E+03 3.660E+03
 528 1.980E+02 4.450E+03 3.660E+03
 532 1.980E+02 4.450E+03 3.660E+03
 536 1.980E+02 4.450E+03 3.660E+03
 540 1.980E+02 4.450E+03 3.660E+03
 544 1.980E+02 4.450E+03 3.660E+03
 548 1.980E+02 4.450E+03 3.660E+03
 552 1.980E+02 4.450E+03 3.660E+03
 556 1.980E+02 4.450E+03 3.660E+03
 560 1.980E+02 4.450E+03 3.660E+03
 564 1.980E+02 4.450E+03 3.660E+03
 568 1.980E+02 4.450E+03 3.660E+03
 572 1.980E+02 4.450E+03 3.660E+03
 576 1.980E+02 4.450E+03 3.660E+03
 580 1.980E+02 4.450E+03 3.660E+03
 584 1.980E+02 4.450E+03 3.660E+03
 588 1.980E+02 4.450E+03 3.660E+03
 592 1.980E+02 4.450E+03 3.660E+03
 596 1.980E+02 4.450E+03 3.660E+03
 600 1.980E+02 4.450E+03 3.660E+03
 604 1.980E+02 4.450E+03 3.660E+03
 608 1.980E+02 4.450E+03 3.660E+03
 612 1.980E+02 4.450E+03 3.660E+03
 616 1.980E+02 4.450E+03 3.660E+03
 620 1.980E+02 4.450E+03 3.660E+03
 624 1.980E+02 4.450E+03 3.660E+03
 628 1.980E+02 4.450E+03 3.660E+03
 632 1.980E+02 4.450E+03 3.660E+03
 636 1.980E+02 4.450E+03 3.660E+03
 640 1.980E+02 4.450E+03 3.660E+03
 644 1.980E+02 4.450E+03 3.660E+03
 648 1.980E+02 4.450E+03 3.660E+03
 652 1.980E+02 4.450E+03 3.660E+03
 656 1.980E+02 4.450E+03 3.660E+03
 660 1.980E+02 4.450E+03 3.660E+03
 664 1.980E+02 4.450E+03 3.660E+03
 668 1.980E+02 4.450E+03 3.660E+03
 672 1.980E+02 4.450E+03 3.660E+03
 676 1.980E+02 4.450E+03 3.660E+03
 680 1.980E+02 4.450E+03 3.660E+03
 684 1.980E+02 4.450E+03 3.660E+03
 688 1.980E+02 4.450E+03 3.660E+03
 692 1.980E+02 4.450E+03 3.660E+03
 696 1.980E+02 4.450E+03 3.660E+03
 700 1.980E+02 4.450E+03 3.660E+03
 704 1.980E+02 4.450E+03 3.660E+03
 708 1.980E+02 4.450E+03 3.660E+03
 712 1.980E+02 4.450E+03 3.660E+03
 716 1.980E+02 4.450E+03 3.660E+03
 720 1.980E+02 4.450E+03 3.660E+03
 724 1.980E+02 4.450E+03 3.660E+03
 728 1.980E+02 4.450E+03 3.660E+03
 732 1.980E+02 4.450E+03 3.660E+03
 736 1.980E+02 4.450E+03 3.660E+03
 740 1.980E+02 4.450E+03 3.660E+03
 744 1.980E+02 4.450E+03 3.660E+03
 748 1.980E+02 4.450E+03 3.660E+03
 752 1.980E+02 4.450E+03 3.660E+03
 756 1.980E+02 4.450E+03 3.660E+03
 760 1.980E+02 4.450E+03 3.660E+03
 764 1.980E+02 4.450E+03 3.660E+03
 768 1.980E+02 4.450E+03 3.660E+03
 772 1.980E+02 4.450E+03 3.660E+03
 776 1.980E+02 4.450E+03 3.660E+03
 780 1.980E+02 4.450E+03 3.660E+03
 784 1.980E+02 4.450E+03 3.660E+03
 788 1.980E+02 4.450E+03 3.660E+03
 792 1.980E+02 4.450E+03 3.660E+03
 796 1.980E+02 4.450E+03 3.660E+03
 800 1.980E+02 4.450E+03 3.660E+03
 804 1.980E+02 4.450E+03 3.660E+03
 808 1.980E+02 4.450E+03 3.660E+03
 812 1.980E+02 4.450E+03 3.660E+03
 816 1.980E+02 4.450E+03 3.660E+03
 820 1.980E+02 4.450E+03 3.660E+03
 824 1.980E+02 4.450E+03 3.660E+03
 828 1.980E+02 4.450E+03 3.660E+03
 832 1.980E+02 4.450E+03 3.660E+03
 836 1.980E+02 4.450E+03 3.660E+03
 840 1.980E+02 4.450E+03 3.660E+03
 844 1.980E+02 4.450E+03 3.660E+03
 848 1.980E+02 4.450E+03 3.660E+03
 852 1.980E+02 4.450E+03 3.660E+03
 856 1.980E+02 4.450E+03 3.660E+03
 860 1.980E+02 4.450E+03 3.660E+03
 864 1.980E+02 4.450E+03 3.660E+03
 868 1.980E+02 4.450E+03 3.660E+03
 872 1.980E+02 4.450E+03 3.660E+03
 876 1.980E+02 4.450E+03 3.660E+03
 880 1.980E+02 4.450E+03 3.660E+03
 884 1.980E+02 4.450E+03 3.660E+03
 888 1.980E+02 4.450E+03 3.660E+03
 892 1.980E+02 4.450E+03 3.660E+03
 896 1.980E+02 4.450E+03 3.660E+03
 900 1.980E+02 4.450E+03 3.660E+03
 904 1.980E+02 4.450E+03 3.660E+03
 908 1.980E+02 4.450E+03 3.660E+03
 912 1.980E+02 4.450E+03 3.660E+03
 916 1.980E+02 4.450E+03 3.660E+03
 920 1.980E+02 4.450E+03 3.660E+03
 924 1.980E+02 4.450E+03 3.660E+03
 928 1.980E+02 4.450E+03 3.660E+03
 932 1.980E+02 4.450E+03 3.660E+03
 936 1.980E+02 4.450E+03 3.660E+03
 940 1.980E+02 4.450E+03 3.660E+03
 944 1.980E+02 4.450E+03 3.660E+03
 948 1.980E+02 4.450E+03 3.660E+03
 952 1.980E+02 4.450E+03 3.660E+03
 956 1.980E+02 4.450E+03 3.660E+03
 960 1.980E+02 4.450E+03 3.660E+03
 964 1.980E+02 4.450E+03 3.660E+03
 968 1.980E+02 4.450E+03 3.660E+03
 972 1.980E+02 4.450E+03 3.660E+03
 976 1.980E+02 4.450E+03 3.660E+03
 980 1.980E+02 4.450E+03 3.660E+03
 984 1.980E+02 4.450E+03 3.660E+03
 988 1.980E+02 4.450E+03 3.660E+03
 992 1.980E+02 4.450E+03 3.660E+03
 996 1.980E+02 4.450E+03 3.660E+03
1000 1.980E+02 4.450E+03 3.660E+03
1004 1.980E+02 4.450E+03 3.660E+03
1008 1.980E+02 4.450E+03 3.660E+03
1012 1.980E+02 4.450E+03 3.660E+03
1016 1.980E+02 4.450E+03 3.660E+03
1020 1.980E+02 4.450E+03 3.660E+03
1024 1.980E+02 4.450E+03 3.660E+03
1028 1.980E+02 4.450E+03 3.660E+03
1032 1.980E+02 4.450E+03 3.660E+03
1036 1.980E+02 4.450E+03 3.660E+03
1040 1.980E+02 4.450E+03 3.660E+03
1044 1.980E+02 4.450E+03 3.660E+03
1048 1.980E+02 4.450E+03 3.660E+03
1052 1.980E+02 4.450E+03 3.660E+03
1056 1.980E+02 4.450E+03 3.660E+03
1060 1.980E+02 4.450E+03 3.660E+03
1064 1.980E+02 4.450E+03 3.660E+03
1068 1.980E+02 4.450E+03 3.660E+03
1072 1.980E+02 4.450E+03 3.660E+03
1076 1.980E+02 4.450E+03 3.660E+03
1080 1.980E+02 4.450E+03 3.660E+03
1084 1.980E+02 4.450E+03 3.660E+03
1088 1.980E+02 4.450E+03 3.660E+03
1092 1.980E+02 4.450E+03 3.660E+03
1096 1.980E+02 4.450E+03 3.660E+03
1100 1.980E+02 4.450E+03 3.660E+03
1104 1.980E+02 4.450E+03 3.660E+03
1108 1.980E+02 4.450E+03 3.660E+03
1112 1.980E+02 4.450E+03 3.660E+03
1116 1.980E+02 4.450E+03 3.660E+03
1120 1.980E+02 4.450E+03 3.660E+03
1124 1.980E+02 4.450E+03 3.660E+03
1128 1.980E+02 4.450E+03 3.660E+03
1132 1.980E+02 4.450E+03 3.660E+03
1136 1.980E+02 4.450E+03 3.660E+03
1140 1.980E+02 4.450E+03 3.660E+03
1144 1.980E+02 4.450E+03 3.660E+03
1148 1.980E+02 4.450E+03 3.660E+03
1152 1.980E+02 4.450E+03 3.660E+03
1156 1.980E+02 4.450E+03 3.660E+03
1160 1.980E+02 4.450E+03 3.660E+03
1164 1.980E+02 4.450E+03 3.660E+03
1168 1.980E+02 4.450E+03 3.660E+03
1172 1.980E+02 4.450E+03 3.660E+03
1176 1.980E+02 4.450E+03 3.660E+03
1180 1.980E+02 4.450E+03 3.660E+03
1184 1.980E+02 4.450E+03 3.660E+03
1188 1.980E+02 4.450E+03 3.660E+03
1192 1.980E+02 4.450E+03 3.660E+03
1196 1.980E+02 4.450E+03 3.660E+03
1200 1.980E+02 4.450E+03 3.660E+03
1204 1.980E+02 4.450E+03 3.660E+03
1208 1.980E+02 4.450E+03 3.660E+03
1212 1.980E+02 4.450E+03 3.660E+03
1216 1.980E+02 4.450E+03 3.660E+03
1220 1.980E+02 4.450E+03 3.660E+03
1224 1.980E+02 4.450E+03 3.660E+03
1228 1.980E+02 4.450E+03 3.660E+03
1232 1.980E+02 4.450E+03 3.660E+03
1236 1.980E+02 4.450E+03 3.660E+03
1240 1.980E+02 4.450E+03 3.660E+03
1244 1.980E+02 4.450E+03 3.660E+03
1248 1.980E+02 4.450E+03 3.660E+03
1252 1.980E+02 4.450E+03 3.660E+03
1256 1.980E+02 4.450E+03 3.660E+03
1260 1.980E+02 4.450E+03 3.660E+03
1264 1.980E+02 4.450E+03 3.660E+03
1268 1.980E+02 4.450E+03 3.660E+03
1272 1.980E+02 4.450E+03 3.660E+03
1276 1.980E+02 4.450E+03 3.660E+03
1280 1.980E+02 4.450E+03 3.660E+03
1284 1.980E+02 4.450E+03 3.660E+03
1288 1.980E+02 4.450E+03 3.660E+03
1292 1.980E+02 4.450E+03 3.660E+03
1296 1.980E+02 4.450E+03 3.660E+03
1300 1.980E+02 4.450E+03 3.660E+03
1304 1.980E+02 4.450E+03 3.660E+03
1308 1.980E+02 4.450E+03 3.660E+03
1312 1.980E+02 4.450E+03 3.660E+03
1316 1.980E+02 4.450E+03 3.660E+03
1320 1.980E+02 4.450E+03 3.660E+03
1324 1.980E+02 4.450E+03 3.660E+03
1328 1.980E+02 4.450E+03 3.660E+03
1332 1.980E+02 4.450E+03 3.660E+03
1336 1.980E+02 4.450E+03 3.660E+03
1340 1.980E+02 4.450E+03 3.660E+03
1344 1.980E+02 4.450E+03 3.660E+03
1348 1.980E+02 4.450E+03 3.660E+03
1352 1.980E+02 4.450E+03 3.660E+03
1356 1.980E+02 4.450E+03 3.660E+03
1360 1.980E+02 4.450E+03 3.660E+03
1364 1.980E+02 4.450E+03 3.660E+03
1368 1.980E+02 4.450E+03 3.660E+03
1372 1.980E+02 4.450E+03 3.660E+03
1376 1.980E+02 4.450E+03 3.660E+03
1380 1.980E+02 4.450E+03 3.660E+03
1384 1.980E+02 4.450E+03 3.660E+03
1388 1.980E+02 4.450E+03 3.660E+03
1392 1.980E+02 4.450E+03 3.660E+03
1396 1.980E+02 4.450E+03 3.660E+03
1400 1.980E+02 4.450E+03 3.660E+03
1404 1.980E+02 4.450E+03 3.660E+03
1408 1.980E+02 4.450E+03 3.660E+03
1412 1.980E+02 4.450E+03 3.660E+03
1416 1.980E+02 4.450E+03 3.660E+03
1420 1.980E+02 4.450E+03 3.660E+03
1424 1.980E+02 4.450E+03 3.660E+03
1428 1.980E+02 4.450E+03 3.660E+03
1432 1.980E+02 4.450E+03 3.660E+03
1436 1.980E+02 4.450E+03 3.660E+03
1440 1.980E+02 4.450E+03 3.660E+03
1444 1.980E+02 4.450E+03 3.660E+03
1448 1.980E+02 4.450E+03 3.660E+03
1452 1.980E+02 4.450E+03 3.660E+03
1456 1.980E+02 4.450E+03 3.660E+03
1460 1.980E+02 4.450E+03 3.660E+03
1464 1.980E+02 4.450E+03 3.660E+03
1468 1.980E+02 4.450E+03 3.660E+03
1472 1.980E+02 4.450E+03 3.660E+03
1476 1.980E+02 4.450E+03 3.660E+03
1480 1.980E+02 4.450E+03 3.660E+03
1484 1.980E+02 4.450E+03 3.660E+03
1488 1.980E+02 4.450E+03 3.660E+03
1492 1.980E+02 4.450E+03 3.660E+03
1496 1.980E+02 4.450E+03 3.660E+03
1500 1.980E+02 4.450E+03 3.660E+03
1504 1.980E+02 4.450E+03 3.660E+03
1508 1.980E+02 4.450E+03 3.660E+03
1512 1.980E+02 4.450E+03 3.660E+03
1516 1.980E+02 4.450E+03 3.660E+03
1520 1.980E+02 4.450E+03 3.660E+03
1524 1.980E+02 4.450E+03 3.660E+03
1528 1.980E+02 4.450E+03 3.660E+03
1532 1.980E+02 4.450E+03 3.660E+03
1536 1.980E+02 4.450E+03 3.660E+03
1540 1.980E+02 4.450E+03 3.660E+03
1544 1.980E+02 4.450E+03 3.660E+03
1548 1.980E+02 4.450E+03 3.660E+03
1552 1.980E+02 4.450E+03 3.660E+03
1556 1.980E+02 4.450E+03 3.660E+03
1560 1.980E+02 4.450E+03 3.660E+03
1564 1.980E+02 4.450E+03 3.660E+03
1568 1.980E+02 4.450E+03 3.660E+03
1572 1.980E+02 4.450E+03 3.660E+03
1576 1.980E+02 4.450E+03 3.660E+03
1580 1.980E+02 4.450E+03 3.660E+03
1584 1.980E+02 4.450E+03 3.660E+03
1588 1.980E+02 4.450E+03 3.660E+03
1592 1.980E+02 4.450E+03 3.660E+03
1596 1.980E+02 4.450E+03 3.660E+03
1600 1.980E+02 4.450E+03 3.660E+03
1604 1.980E+02 4.450E+03 3.660E+03
1608 1.980E+02 4.450E+03 3.660E+03
1612 1.980E+02 4.450E+03 3.660E+03
1616 1.980E+02 4.450E+03 3.660E+03
1620 1.980E+02 4.450E+03 3.660E+03
1624 1.980E+02 4.450E+03 3.660E+03
1628 1.980E+02 4.450E+03 3.660E+03
1632 1.980E+02 4.450E+03 3.660E+03
1636 1.980E+02 4.450E+03 3.660E+03
1640 1.980E+02 4.450E+03 3.660E+03
1644 1.980E+02 4.450E+03 3.660E+03
1648 1.980E+02 4.450E+03 3.660E+03
1652 1.980E+02 4.450E+03 3.660E+03
1656 1.980E+02 4.450E+03 3.660E+03
1660 1.980E+02 4.450E+03 3.660E+03
1664 1.980E+02 4.450E+03 3.660E+03
1668 1.980E+02 4.450E+03 3.660E+03
1672 1.980E+02 4.450E+03 3.660E+03
1676 1.980E+02 4.450E+03 3.660E+03
1680 1.980E+02 4.450E+03 3.660E+03
1684 1.980E+02 4.450E+03 3.660E+03
1688 1.980E+02 4.450E+03 3.660E+03
1692 1.980E+02 4.450E+03 3.660E+03
1696 1.980E+02 4.450E+03 3.660E+03
1700 1.980E+02 4.450E+03 3.660E+03
1704 1.980E+02 4.450E+03 3.660E+03
1708 1.980E+02 4.450E+03 3.660E+03
1712 1.980E+02 4.450E+03 3.660E+03
1716 1.980E+02 4.450E+03 3.660E+03
1720 1.980E+02 4.450E+03 3.660E+03
1724 1.980E+02 4.450E+03 3.660E+03
1728 1.980E+02 4.450E+03 3.660E+03
1732 1.980E+02 4.450E+03 3.660E+03
1736 1.980E+02 4.450E+03 3.660E+03
1740 1.980E+02 4.450E+03 3.660E+03
1744 1.980E+02 4.450E+03 3.660E+03
1748 1.980E+02 4.450E+03 3.660E+03
1752 1.980E+02 4.450E+03 3.660E+03
1756 1.980E+02 4.450E+03 3.660E+03
1760 1.980E+02 4.450E+03 3.660E+03
1764 1.980E+02 4.450E+03 3.660E+03
1768 1.980E+02 4.450E+03 3.660E+03
1772 1.980E+02 4.450E+03 3.660E+03
1776 1.980E+02 4.450E+03 3.660E+03
1780 1.980E+02 4.450E+03 3.660E+03
1784 1.980E+02 4.450E+03 3.660E+03
1788 1.980E+02 4.450E+03 3.660E+03
1792 1.980E+02 4.450E+03 3.660E+03
1796 1.980E+02 4.450E+03 3.660E+03
1800 1.980E+02 4.450E+03 3.660E+03
1804 1.980E+02 4.450E+03 3.660E+03
1808 1.980E+02 4.450E+03 3.660E+03
1812 1.980E+02 4.450E+03 3.660E+03
1816 1.980E+02 4.450E+03 3.660E+03
1820 1.980E+02 4.450E+03 3.660E+03
1824 1.980E+02 4.450E+03 3.660E+03
1828 1.980E+02 4.450E+03 3.660E+03
1832 1.980E+02 4.450E+03 3.660E+03
1836 1.980E+02 4.450E+03 3.660E+03
1840 1.980E+02 4.450E+03 3.660E+03
1844 1.980E+02 4.450E+03 3.660E+03
1848 1.980E+02 4.450E+03 3.660E+03
1852 1.980E+02 4.450E+03 3.660E+03
1856 1.980E+02 4.450E+03 3.660E+03
1860 1.980E+02 4.450E+03 3.660E+03
1864 1.980E+02 4.450E+03 3.660E+03
1868 1.980E+02 4.450E+03 3.660E+03
1872 1.980E+02 4.450E+03 3.660E+03
1876 1.980E+02 4.450E+03 3.660E+03
1880 1.980E+02 4.450E+03 3.660E+03
1884 1.980E+02 4.450E+03 3.660E+03
1888 1.980E+02 4.450E+03 3.660E+03
1892 1.980E+02 4.450E+03 3.660E+03
1896 1.980E+02 4.450E+03 3.660E+03
1900 1.980E+02 4.450E+03 3.660E+03
1904 1.980E+02 4.450E+03 3.660E+03
1908 1.980E+02 4.450E+03 3.660E+03
1912 1.980E+02 4.450E+03 3.660E+03
1916 1.980E+02 4.450E+03 3.660E+03
1920 1.980E+02 4.450E+03 3.660E+03
1924 1.980E+02 4.450E+03 3.660E+03
1928 1.980E+02 4.450E+03 3.660E+03
1932 1.980E+02 4.450E+03 3.660E+03
1936 1.980E+02 4.450E+03 3.660E+03
1940 1.980E+02 4.450E+03 3.660E+03
1944 1.980E+02 4.450E+03 3.660E+03
1948 1.980E+02 4.450E+03 3.660E+03
1952 1.980E+02 4.450E+03 3.660E+03
1956 1.980E+02 4.450E+03 3.660E+03
1960 1.980E+02 4.450E+03 3.660E+03
1964 1.980E+02 4.450E+03 3.660E+03
1968 1.980E+02 4.450E+03 3.660E+03
1972 1.980E+02 4.450E+03 3.660E+03
1976 1.980E+02 4.450E+03 3.660E+03
1980 1.980E+02 4.450E+03 3.660E+03
1984 1.980E+02 4.450E+03 3.660E+03
1988 1.980E+02 4.450E+03 3.660E+03
1992 1.980E+02 4.450E+03 3.660E+03
1996 1.980E+02 4.450E+03 3.660E+03
2000 1.980E+02 4.450E+03 3.660E+03
