   100.00000000000000        23170000.000000000        123.39999999999999        4517000.0000000000        1.4199999999999999E-002
   104.00000000000000        31990000.000000000        10740.000000000000        10150000.000000000        1.2300000000000000     
   108.00000000000000        135500000.00000000        179800.00000000000        22850000.000000000        20.599999999999998     
   112.00000000000000        503500000.00000000        994600.00000000000        54710000.000000000        114.00000000000000     
   116.00000000000000        1382000000.0000000        2651000.0000000000        119700000.00000000        305.00000000000000     
   120.00000000000000        2748000000.0000000        4771000.0000000000        212900000.00000000        754.00000000000000     
   124.00000000000000        4076000000.0000000        6201000.0000000000        297200000.00000000        1360.0000000000000     
   128.00000000000000        4651000000.0000000        6463000.0000000000        327800000.00000000        1970.0000000000000     
   132.00000000000000        4319000000.0000000        5766000.0000000000        302500000.00000000        2440.0000000000000     
   136.00000000000000        3489000000.0000000        4703000.0000000000        248000000.00000000        2740.0000000000000     
   140.00000000000000        2597000000.0000000        3668000.0000000000        192300000.00000000        2910.0000000000000     
   144.00000000000000        1810000000.0000000        2745000.0000000000        141900000.00000000        2930.0000000000000     
   148.00000000000000        1249000000.0000000        2076000.0000000000        105400000.00000000        2960.0000000000000     
   152.00000000000000        842600000.00000000        1566000.0000000000        77810000.000000000        2960.0000000000000     
   156.00000000000000        558900000.00000000        1168000.0000000000        57110000.000000000        2910.0000000000000     
   160.00000000000000        370300000.00000000        873700.00000000000        42220000.000000000        2850.0000000000000     
   164.00000000000000        247900000.00000000        659400.00000000000        31840000.000000000        2800.0000000000000     
   168.00000000000000        168400000.00000000        501600.00000000006        24300000.000000000        2760.0000000000000     
   172.00000000000000        115000000.00000000        385700.00000000000        18990000.000000000        2730.0000000000000     
   176.00000000000000        79390000.000000000        297000.00000000000        15090000.000000000        2710.0000000000000     
   180.00000000000000        55000000.000000000        230000.00000000000        12170000.000000000        2700.0000000000000     
   184.00000000000000        38230000.000000000        177300.00000000000        9922000.0000000000        2680.0000000000000     
   188.00000000000000        26570000.000000000        136700.00000000000        8179000.0000000000        2660.0000000000000     
   192.00000000000000        18580000.000000000        105500.00000000000        6814000.0000000000        2640.0000000000000     
   196.00000000000000        12930000.000000000        81920.000000000000        5734000.0000000000        2630.0000000000000     
   200.00000000000000        9051000.0000000000        63280.000000000000        4856000.0000000000        2600.0000000000000     
   204.00000000000000        6335000.0000000000        48920.000000000000        4147999.9999999995        2580.0000000000000     
   208.00000000000000        4443000.0000000000        37820.000000000000        3554000.0000000000        2560.0000000000000     
   212.00000000000000        3122000.0000000000        29270.000000000000        3069000.0000000000        2540.0000000000000     
   216.00000000000000        2193000.0000000000        22670.000000000000        2658000.0000000000        2530.0000000000000     
   220.00000000000000        1541000.0000000000        17560.000000000000        2310000.0000000000        2510.0000000000000     
   224.00000000000000        1085000.0000000000        13610.000000000000        2011000.0000000002        2490.0000000000000     
   228.00000000000000        764800.00000000000        10550.000000000000        1750000.0000000000        2470.0000000000000     
   232.00000000000000        539200.00000000000        8189.0000000000000        1536000.0000000000        2450.0000000000000     
   236.00000000000000        380900.00000000000        6359.0000000000000        1348000.0000000000        2430.0000000000000     
   240.00000000000000        268800.00000000000        4940.0000000000000        1179000.0000000000        2410.0000000000000     
   244.00000000000000        189800.00000000000        3839.0000000000000        1036999.9999999999        2390.0000000000000     
   248.00000000000000        134800.00000000000        2986.0000000000000        911600.00000000000        2370.0000000000000     
   252.00000000000000        95250.000000000000        2324.0000000000000        801700.00000000000        2350.0000000000000     
   256.00000000000000        67500.000000000000        1809.0000000000000        706500.00000000000        2330.0000000000000     
   260.00000000000000        47880.000000000000        1409.0000000000000        621700.00000000000        2320.0000000000000     
   264.00000000000000        33960.000000000000        1098.0000000000000        548000.00000000000        2300.0000000000000     
   268.00000000000000        24100.000000000000        856.60000000000002        484100.00000000000        2280.0000000000000     
   272.00000000000000        17190.000000000000        668.19999999999993        426800.00000000000        2260.0000000000000     
   276.00000000000000        12260.000000000000        521.70000000000005        376800.00000000000        2250.0000000000000     
   280.00000000000000        8693.0000000000000        407.50000000000000        333000.00000000000        2230.0000000000000     
   284.00000000000000        6196.0000000000000        318.50000000000000        294300.00000000000        2210.0000000000000     
   288.00000000000000        4422.0000000000000        249.09999999999999        260500.00000000000        2190.0000000000000     
   292.00000000000000        3152.0000000000000        194.90000000000001        229500.00000000000        2180.0000000000000     
   296.00000000000000        2254.0000000000000        152.50000000000000        203200.00000000000        2160.0000000000000     
   300.00000000000000        1609.0000000000000        119.50000000000000        179600.00000000000        2140.0000000000000     
   304.00000000000000        1149.0000000000000        93.599999999999994        159500.00000000000        2130.0000000000000     
   308.00000000000000        822.89999999999998        73.390000000000001        140900.00000000000        2110.0000000000000     
   312.00000000000000        588.70000000000005        57.570000000000000        124700.00000000000        2100.0000000000000     
   316.00000000000000        422.30000000000001        45.180000000000000        110500.00000000000        2080.0000000000000     
   320.00000000000000        303.10000000000002        35.479999999999997        97950.000000000000        2070.0000000000000     
   324.00000000000000        217.70000000000002        27.879999999999999        86850.000000000000        2050.0000000000000     
   328.00000000000000        156.40000000000001        21.910000000000000        77000.000000000000        2030.0000000000002     
   332.00000000000000        112.59999999999999        17.230000000000000        68280.000000000000        2020.0000000000000     
   336.00000000000000        80.640000000000001        13.560000000000000        60550.000000000000        2000.0000000000000     
   340.00000000000000        58.090000000000003        10.680000000000000        53700.000000000000        1990.0000000000000     
   344.00000000000000        41.789999999999999        8.4090000000000007        47710.000000000000        1970.0000000000000     
   348.00000000000000        30.190000000000001        6.6270000000000007        42350.000000000000        1960.0000000000000     
   352.00000000000000        21.770000000000000        5.2249999999999996        37610.000000000000        1950.0000000000000     
   356.00000000000000        15.650000000000000        4.1230000000000002        33380.000000000000        1930.0000000000000     
   360.00000000000000        11.369999999999999        3.2540000000000000        29650.000000000000        1920.0000000000000     
   364.00000000000000        8.1939999999999991        2.5699999999999998        26400.000000000000        1900.0000000000000     
   368.00000000000000        5.9290000000000003        2.0300000000000002        23420.000000000000        1890.0000000000000     
   372.00000000000000        4.2889999999999997        1.6050000000000000        20810.000000000000        1870.0000000000000     
   376.00000000000000        3.1070000000000002        1.2690000000000001        18550.000000000000        1860.0000000000000     
   380.00000000000000        2.2529999999999997        1.0040000000000000        16450.000000000000        1850.0000000000000     
   384.00000000000000        1.6300000000000001       0.79500000000000004        14690.000000000000        1830.0000000000000     
   388.00000000000000        1.1820000000000002       0.62969999999999993        13070.000000000000        1820.0000000000000     
   392.00000000000000       0.86090000000000000       0.49900000000000000        11610.000000000000        1810.0000000000000     
   396.00000000000000       0.62570000000000003       0.39560000000000001        10340.000000000000        1790.0000000000000     
   400.00000000000000       0.45499999999999996       0.31370000000000003        9205.0000000000000        1780.0000000000000     
   404.00000000000000       0.33039999999999997       0.24909999999999996        8197.0000000000000        1770.0000000000000     
   408.00000000000000       0.24069999999999997       0.19780000000000000        7311.0000000000000        1760.0000000000000     
   412.00000000000000       0.17610000000000001       0.15709999999999999        6514.0000000000000        1740.0000000000000     
   416.00000000000000       0.12800000000000000       0.12480000000000001        5805.0000000000000        1730.0000000000000     
   420.00000000000000        9.3420000000000003E-002   9.9260000000000001E-002   5181.0000000000000        1720.0000000000000     
   424.00000000000000        6.8159999999999998E-002   7.8969999999999999E-002   4620.0000000000000        1710.0000000000000     
   428.00000000000000        4.9880000000000001E-002   6.2850000000000003E-002   4122.0000000000000        1690.0000000000000     
   432.00000000000000        3.6430000000000004E-002   5.0029999999999998E-002   3675.0000000000000        1680.0000000000000     
   436.00000000000000        2.6689999999999998E-002   3.9869999999999996E-002   3277.0000000000000        1670.0000000000000     
   440.00000000000000        1.9470000000000001E-002   3.1770000000000000E-002   2927.0000000000000        1660.0000000000000     
   444.00000000000000        1.4330000000000001E-002   2.5340000000000001E-002   2616.0000000000000        1650.0000000000000     
   448.00000000000000        1.0480000000000000E-002   2.0209999999999999E-002   2341.0000000000000        1630.0000000000000     
   452.00000000000000        7.6800000000000002E-003   1.6129999999999999E-002   2091.0000000000000        1620.0000000000000     
   456.00000000000000        5.6340000000000001E-003   1.2880000000000001E-002   1868.0000000000000        1610.0000000000000     
   460.00000000000000        4.1460000000000004E-003   1.0290000000000001E-002   1669.0000000000000        1600.0000000000000     
   464.00000000000000        3.0410000000000003E-003   8.2269999999999999E-003   1494.0000000000000        1590.0000000000000     
   468.00000000000000        2.2420000000000001E-003   6.5789999999999998E-003   1333.0000000000000        1580.0000000000000     
   472.00000000000000        1.6509999999999999E-003   5.2629999999999994E-003   1192.0000000000000        1570.0000000000000     
   476.00000000000000        1.2140000000000000E-003   4.2119999999999996E-003   1066.0000000000000        1560.0000000000000     
   480.00000000000000        8.9270000000000007E-004   3.3729999999999997E-003   954.10000000000002        1550.0000000000000     
