   0.0000000000000000        58256108338.232010     
   2.0000000000000000        71793072437.989288     
   4.0000000000000000        92099892422.404434     
   6.0000000000000000        119519004177.99690     
   8.0000000000000000        156793521626.95447     
   10.000000000000000        206680395100.18427     
   12.000000000000000        268100356993.99661     
   14.000000000000000        345156786464.18817     
   16.000000000000000        446341792761.09949     
   18.000000000000000        589213726491.25476     
   20.000000000000000        791367461211.74341     
   22.000000000000000        1076345962991.6836     
   24.000000000000000        1478192380790.6150     
   26.000000000000000        2031570890239.9211     
   28.000000000000000        2781388171226.1943     
   30.000000000000000        3798134446284.7056     
   32.000000000000000        5010358730968.5273     
   34.000000000000000        6257533315402.2051     
   36.000000000000000        8166250401925.1572     
   38.000000000000000        11007009837982.152     
   40.000000000000000        16159687338634.227     
   42.000000000000000        24433660672514.285     
   44.000000000000000        37315072022123.312     
   46.000000000000000        56644325658424.203     
   48.000000000000000        81924534083802.375     
   50.000000000000000        107862953199447.27     
   52.000000000000000        128932433431109.30     
   54.000000000000000        142842656650591.66     
   56.000000000000000        149640343855980.09     
   58.000000000000000        150351964165371.00     
   60.000000000000000        145656582761128.56     
   62.000000000000000        135571202527465.44     
   64.000000000000000        120260293402024.03     
   66.000000000000000        103680294070365.94     
   68.000000000000000        88238252630707.891     
   70.000000000000000        74439917922721.609     
   72.000000000000000        62402149581965.773     
   74.000000000000000        52067867652345.148     
   76.000000000000000        43303510040984.469     
   78.000000000000000        35939170554001.219     
   80.000000000000000        29799522288189.230     
   82.000000000000000        24715981632251.617     
   84.000000000000000        20523856996882.031     
   86.000000000000000        17078180754685.020     
   88.000000000000000        14247679138840.805     
   90.000000000000000        11920699414801.904     
   92.000000000000000        10003504565016.309     
   94.000000000000000        8406017831806.7021     
   96.000000000000000        7064792710207.7100     
   98.000000000000000        5941374544733.4141     
   100.00000000000000        5002881666899.9375     
   102.00000000000000        4220116555005.5464     
   104.00000000000000        3567408535294.5518     
   106.00000000000000        3023767814630.6138     
   108.00000000000000        2571123699856.2847     
   110.00000000000000        2194323985330.7441     
   112.00000000000000        1880698694961.8538     
   114.00000000000000        1619781559353.7446     
   116.00000000000000        1402725250781.0901     
   118.00000000000000        1222219206516.1990     
   120.00000000000000        1072122279198.0709     
   122.00000000000000        947301390199.06384     
   124.00000000000000        843421160749.39624     
   126.00000000000000        756837354384.40002     
   128.00000000000000        684511405406.48779     
   130.00000000000000        623926158255.33386     
   132.00000000000000        573014271973.16113     
   134.00000000000000        530081537319.82098     
   136.00000000000000        493740161952.14551     
   138.00000000000000        462856443665.11548     
   140.00000000000000        436503962802.77032     
   142.00000000000000        413926171931.02051     
   144.00000000000000        394503495577.40112     
   146.00000000000000        377727903848.17438     
   148.00000000000000        363181724130.74377     
   150.00000000000000        350520338160.23322     
   152.00000000000000        339458362366.79962     
   154.00000000000000        329758533171.19714     
   156.00000000000000        321222802666.70953     
   158.00000000000000        313685131497.88214     
   160.00000000000000        307005761230.92352     
   162.00000000000000        301066538217.51617     
   164.00000000000000        295767176720.07507     
   166.00000000000000        291022222136.94952     
   168.00000000000000        286758590835.87390     
   170.00000000000000        282913568640.78656     
   172.00000000000000        279433180146.76917     
   174.00000000000000        276270845269.10840     
   176.00000000000000        273386270905.15613     
   178.00000000000000        270744527068.35703     
   180.00000000000000        268315289311.29807     
   182.00000000000000        266072195481.12662     
   184.00000000000000        263992305183.91833     
   186.00000000000000        262055641184.26208     
   188.00000000000000        260244798255.15622     
   190.00000000000000        258544607176.70645     
   192.00000000000000        256941844598.23831     
   194.00000000000000        255424982205.54077     
   196.00000000000000        253983970554.29514     
   198.00000000000000        252610049164.45572     
   200.00000000000000        251295571090.96140     
