   0.0000000000000000        10211276953312946.     
   2.0000000000000000        8455716455927367.0     
   4.0000000000000000        7088777827678302.0     
   6.0000000000000000        5910498268501184.0     
   8.0000000000000000        4870840015676780.0     
   10.000000000000000        3904273295567396.5     
   12.000000000000000        2957053458022650.0     
   14.000000000000000        2085631387157328.2     
   16.000000000000000        1364543187826007.2     
   18.000000000000000        835325944069844.50     
   20.000000000000000        477797874985502.75     
   22.000000000000000        254233498623573.12     
   24.000000000000000        126335703425100.91     
   26.000000000000000        59069914864637.977     
   28.000000000000000        26417893275034.996     
   30.000000000000000        11450475195786.557     
   32.000000000000000        4809721082768.9033     
   34.000000000000000        1987444971058.8867     
   36.000000000000000        839001198042.45947     
   38.000000000000000        380254128645.06091     
   40.000000000000000        203562960763.89761     
   42.000000000000000        135988848032.72914     
   44.000000000000000        102480576806.43556     
   46.000000000000000        70565875897.857010     
   48.000000000000000        38349151892.249062     
   50.000000000000000        17260916401.672005     
   52.000000000000000        7108753274.5006800     
   54.000000000000000        2814735043.0543990     
   56.000000000000000        1091751990.6156633     
   58.000000000000000        416656182.15579873     
   60.000000000000000        157619409.20455512     
   62.000000000000000        61125690.076088153     
   64.000000000000000        24556027.079296995     
   66.000000000000000        10287912.162530432     
   68.000000000000000        4521284.2475541793     
   70.000000000000000        2078216.4853030536     
   72.000000000000000        996205.21171836846     
   74.000000000000000        496610.04224322550     
   76.000000000000000        256762.22363878886     
   78.000000000000000        137341.50131390744     
   80.000000000000000        75822.817280109957     
   82.000000000000000        43108.489011353086     
   84.000000000000000        25187.800476960772     
   86.000000000000000        15095.304513718442     
   88.000000000000000        9262.6320150465563     
   90.000000000000000        5809.5025916354025     
   92.000000000000000        3718.5912924490499     
   94.000000000000000        2421.4745408276549     
   96.000000000000000        1600.0254199776818     
   98.000000000000000        1072.5198853977713     
   100.00000000000000        729.19308283452369     
   102.00000000000000        502.79935794542985     
   104.00000000000000        351.58695220272313     
   106.00000000000000        249.30285103948790     
   108.00000000000000        179.23999539429892     
   110.00000000000000        130.64345435830194     
   112.00000000000000        96.512808583127793     
   114.00000000000000        72.242086582265088     
   116.00000000000000        54.768514228726346     
   118.00000000000000        42.034041345805583     
   120.00000000000000        32.641270596021180     
   122.00000000000000        25.631469373344611     
   124.00000000000000        20.339999873458119     
   126.00000000000000        16.301301137542684     
   128.00000000000000        13.185872034663927     
   130.00000000000000        10.758100869612084     
   132.00000000000000        8.8477915013388646     
   134.00000000000000        7.3307644898242827     
   136.00000000000000        6.1155217233622841     
   138.00000000000000        5.1339964971868080     
   140.00000000000000        4.3350808389246387     
   142.00000000000000        3.6800521026793698     
   144.00000000000000        3.1393142274038679     
   146.00000000000000        2.6900570339746106     
   148.00000000000000        2.3145588554245879     
   150.00000000000000        1.9989451954416806     
   152.00000000000000        1.7322733368906615     
   154.00000000000000        1.5058518373240093     
   156.00000000000000        1.3127306638929255     
   158.00000000000000        1.1473162775971935     
   160.00000000000000        1.0050789175093597     
   162.00000000000000       0.88232843131739214     
   164.00000000000000       0.77604144191438729     
   166.00000000000000       0.68372723241566435     
   168.00000000000000       0.60332303170696022     
   170.00000000000000       0.53311177249211983     
   172.00000000000000       0.47165713492602174     
   174.00000000000000       0.41775196615644450     
   176.00000000000000       0.37037710973691840     
   178.00000000000000       0.32866838109614127     
   180.00000000000000       0.29188995075697338     
   182.00000000000000       0.25941279276771900     
   184.00000000000000       0.23069715568530705     
   186.00000000000000       0.20527824233522640     
   188.00000000000000       0.18275445999184667     
   190.00000000000000       0.16277773800126918     
   192.00000000000000       0.14504551479067995     
   194.00000000000000       0.12929407798895992     
   196.00000000000000       0.11529300545253608     
   198.00000000000000       0.10284050533165023     
   200.00000000000000        9.1759493304684706E-002
