   0.0000000000000000        253687722822618.75     
   2.0000000000000000        231712905633139.50     
   4.0000000000000000        210485886980126.91     
   6.0000000000000000        190792640452291.66     
   8.0000000000000000        172644620523217.91     
   10.000000000000000        154513755296300.66     
   12.000000000000000        132016721364792.38     
   14.000000000000000        107054892563914.45     
   16.000000000000000        82199703825813.312     
   18.000000000000000        61011154100794.219     
   20.000000000000000        43308969879963.398     
   22.000000000000000        28943421224552.484     
   24.000000000000000        18312404044712.875     
   26.000000000000000        10958525205659.818     
   28.000000000000000        6432475045177.4082     
   30.000000000000000        3799011554117.4658     
   32.000000000000000        2099669079997.6904     
   34.000000000000000        1138318198310.0356     
   36.000000000000000        759039588623.46497     
   38.000000000000000        589087445943.95447     
   40.000000000000000        564033475003.72607     
   42.000000000000000        580936644036.06921     
   44.000000000000000        577178718623.17871     
   46.000000000000000        480363071697.67749     
   48.000000000000000        292269932360.46075     
   50.000000000000000        137583330979.19769     
   52.000000000000000        60005868760.837746     
   54.000000000000000        26558581939.426689     
   56.000000000000000        12059893828.718508     
   58.000000000000000        5542247055.6857290     
   60.000000000000000        2544248503.7170916     
   62.000000000000000        1164091609.4093759     
   64.000000000000000        519030243.40144706     
   66.000000000000000        230926564.02012813     
   68.000000000000000        104993227.07249963     
   70.000000000000000        48947953.662277043     
   72.000000000000000        23419384.165478133     
   74.000000000000000        11494497.086058460     
   76.000000000000000        5779730.6756228115     
   78.000000000000000        2971565.6504739854     
   80.000000000000000        1558958.6312592227     
   82.000000000000000        833073.37484765716     
   84.000000000000000        452687.28561267292     
   86.000000000000000        249847.58315321518     
   88.000000000000000        139907.33757771188     
   90.000000000000000        79408.975037960015     
   92.000000000000000        45634.580962160937     
   94.000000000000000        26449.529872371233     
   96.000000000000000        15415.231885675201     
   98.000000000000000        9037.0617692486139     
   100.00000000000000        5331.3634202301246     
   102.00000000000000        3166.1561065571423     
   104.00000000000000        1893.2198315665116     
   106.00000000000000        1140.3772206221890     
   108.00000000000000        692.27195297368462     
   110.00000000000000        423.77047310284985     
   112.00000000000000        261.75713167982786     
   114.00000000000000        163.28092690157840     
   116.00000000000000        102.94482197508962     
   118.00000000000000        65.660815570237887     
   120.00000000000000        42.405976526938574     
   122.00000000000000        27.753561191386648     
   124.00000000000000        18.418464849208490     
   126.00000000000000        12.399629999916337     
   128.00000000000000        8.4697030854799813     
   130.00000000000000        5.8698930317046081     
   132.00000000000000        4.1269033340529413     
   134.00000000000000        2.9425670839708706     
   136.00000000000000        2.1270360911382400     
   138.00000000000000        1.5580735862099000     
   140.00000000000000        1.1560536319752446     
   142.00000000000000       0.86848463280423960     
   144.00000000000000       0.66034185996762651     
   146.00000000000000       0.50797176023467905     
   148.00000000000000       0.39520915487272168     
   150.00000000000000       0.31087800313995834     
   152.00000000000000       0.24716514154672781     
   154.00000000000000       0.19855020292706638     
   156.00000000000000       0.16109350947523432     
   158.00000000000000       0.13195681379608296     
   160.00000000000000       0.10907715558818495     
   162.00000000000000        9.0942516546783064E-002
   164.00000000000000        7.6435900856420949E-002
   166.00000000000000        6.4725906904114672E-002
   168.00000000000000        5.5189220615339096E-002
   170.00000000000000        4.7355246325265610E-002
   172.00000000000000        4.0866236000377712E-002
   174.00000000000000        3.5448365883428819E-002
   176.00000000000000        3.0890610613548565E-002
   178.00000000000000        2.7029214168634474E-002
   180.00000000000000        2.3736206783478497E-002
   182.00000000000000        2.0910866185250978E-002
   184.00000000000000        1.8473334659689554E-002
   186.00000000000000        1.6359823539135995E-002
   188.00000000000000        1.4518992758626208E-002
   190.00000000000000        1.2909204512555570E-002
   192.00000000000000        1.1496430136250301E-002
   194.00000000000000        1.0252647274986556E-002
   196.00000000000000        9.1546065624751229E-003
   198.00000000000000        8.1828778954503665E-003
   200.00000000000000        7.3211091312401300E-003
