   0.0000000000000000        107887126.36836147     
   2.0000000000000000        75575031.529425666     
   4.0000000000000000        75037073.452357322     
   6.0000000000000000        75474469.769523978     
   8.0000000000000000        74546876.019846991     
   10.000000000000000        74258437.719429523     
   12.000000000000000        73510936.958090454     
   14.000000000000000        71847206.314536884     
   16.000000000000000        69785699.576685846     
   18.000000000000000        67868283.356766239     
   20.000000000000000        65281006.201984651     
   22.000000000000000        62541355.857526802     
   24.000000000000000        58608103.637371399     
   26.000000000000000        54418108.299190722     
   28.000000000000000        49839322.827402607     
   30.000000000000000        44877050.431882948     
   32.000000000000000        38613911.883617051     
   34.000000000000000        31351616.874253649     
   36.000000000000000        26725392.552720424     
   38.000000000000000        24054960.820291892     
   40.000000000000000        21833074.119024985     
   42.000000000000000        20290446.547360994     
   44.000000000000000        18550234.813398134     
   46.000000000000000        14907676.465713926     
   48.000000000000000        8918268.3252073936     
   50.000000000000000        4128557.8594278931     
   52.000000000000000        1777436.5293924171     
   54.000000000000000        777607.44219527196     
   56.000000000000000        352521.54500448232     
   58.000000000000000        160865.92460322942     
   60.000000000000000        70083.537800550737     
   62.000000000000000        31226.782269255349     
   64.000000000000000        12953.545157641158     
   66.000000000000000        5304.2624081296481     
   68.000000000000000        2281.9367219302508     
   70.000000000000000        1135.4114894157940     
   72.000000000000000        592.12733576965081     
   74.000000000000000        313.44748106552771     
   76.000000000000000        183.01171066954674     
   78.000000000000000        110.77489381214028     
   80.000000000000000        66.834170967407019     
   82.000000000000000        41.862243170411745     
   84.000000000000000        26.719752197010870     
   86.000000000000000        16.963817195394331     
   88.000000000000000        10.638622629532907     
   90.000000000000000        6.7230576311156396     
   92.000000000000000        4.3285304369645843     
   94.000000000000000        2.7362077378223342     
   96.000000000000000        1.8346386464323898     
   98.000000000000000        1.3069695779806634     
   100.00000000000000       0.96964569191711492     
   102.00000000000000       0.72882086020601300     
   104.00000000000000       0.55325537390687396     
   106.00000000000000       0.42094366735547462     
   108.00000000000000       0.32036840060554783     
   110.00000000000000       0.24516030639412245     
   112.00000000000000       0.19059524670411607     
   114.00000000000000       0.14982919276963322     
   116.00000000000000       0.12026091937898668     
   118.00000000000000        9.7842469774594598E-002
   120.00000000000000        8.0169416181637254E-002
   122.00000000000000        6.5705453357128143E-002
   124.00000000000000        5.3476074608361998E-002
   126.00000000000000        4.3159573707964916E-002
   128.00000000000000        3.4512687182174477E-002
   130.00000000000000        2.7341697962397753E-002
   132.00000000000000        2.1471534653044074E-002
   134.00000000000000        1.6768145635507700E-002
   136.00000000000000        1.3014996766803179E-002
   138.00000000000000        1.0047327711495720E-002
   140.00000000000000        7.7382879692664813E-003
   142.00000000000000        5.9389833114902599E-003
   144.00000000000000        4.5451629476477053E-003
   146.00000000000000        3.4759216929705120E-003
   148.00000000000000        2.6549595791109056E-003
   150.00000000000000        2.0259491782557040E-003
   152.00000000000000        1.5460090296956774E-003
   154.00000000000000        1.1800683600375077E-003
   156.00000000000000        9.0073844448644396E-004
   158.00000000000000        6.8767411758117005E-004
   160.00000000000000        5.2546145796245254E-004
   162.00000000000000        4.0164927327290757E-004
   164.00000000000000        3.0713795286693301E-004
   166.00000000000000        2.3498631273401733E-004
   168.00000000000000        1.7991206538245198E-004
   170.00000000000000        1.3780902922708302E-004
   172.00000000000000        1.0560921565630026E-004
   174.00000000000000        8.0972296994056542E-005
   176.00000000000000        6.2120424873209174E-005
   178.00000000000000        4.7679404592972402E-005
   180.00000000000000        3.6611627177546299E-005
   182.00000000000000        2.8125153896713582E-005
   184.00000000000000        2.1615221090785201E-005
   186.00000000000000        1.6619574828881798E-005
   188.00000000000000        1.2783326970891090E-005
   190.00000000000000        9.8361660394529645E-006
   192.00000000000000        7.5711241842401523E-006
   194.00000000000000        5.8296475306588208E-006
   196.00000000000000        4.4903330087463244E-006
   198.00000000000000        3.4598012301802040E-006
   200.00000000000000        2.6665841521196012E-006
