   0.0000000000000000        4.2430558401917696E+023
   2.0000000000000000        3.3255310037859486E+023
   4.0000000000000000        2.8535750189292013E+023
   6.0000000000000000        2.4370487213372470E+023
   8.0000000000000000        2.0543210732987010E+023
   10.000000000000000        1.7300460439812313E+023
   12.000000000000000        1.4578466472440175E+023
   14.000000000000000        1.2206936977118637E+023
   16.000000000000000        1.0141827478674369E+023
   18.000000000000000        8.3469566822899226E+022
   20.000000000000000        6.7863308572989854E+022
   22.000000000000000        5.4815197705900325E+022
   24.000000000000000        4.3805570045218778E+022
   26.000000000000000        3.4959103008008567E+022
   28.000000000000000        2.7876351865569843E+022
   30.000000000000000        2.2228702203364086E+022
   32.000000000000000        1.7794936639415906E+022
   34.000000000000000        1.4181440681286541E+022
   36.000000000000000        1.1230727155412816E+022
   38.000000000000000        8.8580787451267981E+021
   40.000000000000000        6.8866574821009979E+021
   42.000000000000000        5.3396167461169445E+021
   44.000000000000000        4.1328542437075887E+021
   46.000000000000000        3.1941442104202887E+021
   48.000000000000000        2.4683052574746424E+021
   50.000000000000000        1.9109904040410481E+021
   52.000000000000000        1.4762468016553287E+021
   54.000000000000000        1.1353849209604048E+021
   56.000000000000000        8.7118619920078406E+020
   58.000000000000000        6.6493488723529001E+020
   60.000000000000000        5.0101806708782786E+020
   62.000000000000000        3.7892151272330455E+020
   64.000000000000000        2.8226425559358092E+020
   66.000000000000000        2.1008917267281884E+020
   68.000000000000000        1.5840369403358256E+020
   70.000000000000000        1.2329851112456063E+020
   72.000000000000000        9.6944407344295264E+019
   74.000000000000000        7.6467162364566209E+019
   76.000000000000000        6.1545809369452945E+019
   78.000000000000000        4.9839003075265446E+019
   80.000000000000000        4.0236441319040090E+019
   82.000000000000000        3.2667874133053043E+019
   84.000000000000000        2.6535487238327628E+019
   86.000000000000000        2.1407933073080910E+019
   88.000000000000000        1.7088787830917779E+019
   90.000000000000000        1.3527119527118725E+019
   92.000000000000000        1.0615304702247528E+019
   94.000000000000000        8.0481092104796682E+018
   96.000000000000000        6.1032330259512412E+018
   98.000000000000000        4.6586570703780588E+018
   100.00000000000000        3.5738521927879547E+018
   102.00000000000000        2.7312465853866460E+018
   104.00000000000000        2.0854732147588012E+018
   106.00000000000000        1.5847489632096988E+018
   108.00000000000000        1.1925422867941315E+018
   110.00000000000000        8.8958223117318554E+017
   112.00000000000000        6.6119890248271155E+017
   114.00000000000000        4.8490584091785030E+017
   116.00000000000000        3.5627782120374470E+017
   118.00000000000000        2.6166159097478272E+017
   120.00000000000000        1.9248491293552950E+017
   122.00000000000000        1.4198263072412374E+017
   124.00000000000000        1.0488317351966944E+017
   126.00000000000000        77778385906472016.     
   128.00000000000000        57927060328183264.     
   130.00000000000000        43317218321818352.     
   132.00000000000000        32508727496796156.     
   134.00000000000000        24529564256359024.     
   136.00000000000000        18574334631657516.     
   138.00000000000000        14107888878071946.     
   140.00000000000000        10769769653659226.     
   142.00000000000000        8245993191563515.0     
   144.00000000000000        6331772827115545.0     
   146.00000000000000        4882881368808808.0     
   148.00000000000000        3778095079315053.0     
   150.00000000000000        2932905856298798.5     
   152.00000000000000        2286268766711274.5     
   154.00000000000000        1790145687935656.5     
   156.00000000000000        1407894753035624.8     
   158.00000000000000        1112842927709826.0     
   160.00000000000000        885080232310785.25     
   162.00000000000000        708384169040012.00     
   164.00000000000000        570997235993035.75     
   166.00000000000000        463931736112957.00     
   168.00000000000000        380329551721841.12     
   170.00000000000000        314766785364326.50     
   172.00000000000000        263185836305683.56     
   174.00000000000000        222461167661431.44     
   176.00000000000000        190204707349069.16     
   178.00000000000000        164525126923445.94     
   180.00000000000000        143985701910647.66     
   182.00000000000000        127474869984216.64     
   184.00000000000000        114131820585455.66     
   186.00000000000000        103288862788183.50     
   188.00000000000000        94418553867691.203     
   190.00000000000000        87114309460505.766     
   192.00000000000000        81058173748092.297     
   194.00000000000000        76000854014259.578     
   196.00000000000000        71748166649635.359     
   198.00000000000000        68143843429677.047     
   200.00000000000000        65065630158288.945     
