   0.0000000000000000        91885.848234821780     
   2.0000000000000000        82281.269769120787     
   4.0000000000000000        75587.747375438135     
   6.0000000000000000        69810.815400397478     
   8.0000000000000000        64587.542775283036     
   10.000000000000000        60363.849326410520     
   12.000000000000000        58739.187443031071     
   14.000000000000000        59763.216202022268     
   16.000000000000000        63666.633066175767     
   18.000000000000000        69780.063156591365     
   20.000000000000000        79437.718255118161     
   22.000000000000000        95221.719392149273     
   24.000000000000000        119446.33821256697     
   26.000000000000000        156035.45908466767     
   28.000000000000000        204343.00763884929     
   30.000000000000000        262574.29181450757     
   32.000000000000000        344645.93986722425     
   34.000000000000000        432637.80212177936     
   36.000000000000000        457373.71643372584     
   38.000000000000000        424135.51397552289     
   40.000000000000000        342000.14728608978     
   42.000000000000000        259287.47898164982     
   44.000000000000000        201770.23427923713     
   46.000000000000000        182794.17469663679     
   48.000000000000000        213778.15677404293     
   50.000000000000000        295784.45288473973     
   52.000000000000000        406495.98257561709     
   54.000000000000000        517135.24316114245     
   56.000000000000000        612456.90413572942     
   58.000000000000000        691430.22516417620     
   60.000000000000000        754095.03695716825     
   62.000000000000000        789529.19698614429     
   64.000000000000000        777137.64783114730     
   66.000000000000000        837881.02601485793     
   68.000000000000000        1206233.4192096468     
   70.000000000000000        2174671.1440062914     
   72.000000000000000        3974439.6347677801     
   74.000000000000000        6660416.8565250589     
   76.000000000000000        10130168.378170002     
   78.000000000000000        14245931.965859363     
   80.000000000000000        18967345.574226744     
   82.000000000000000        24435323.164227530     
   84.000000000000000        30953857.494988855     
   86.000000000000000        38812192.792746611     
   88.000000000000000        48029211.146943226     
   90.000000000000000        58236283.037677258     
   92.000000000000000        68795112.092425629     
   94.000000000000000        79161825.710387781     
   96.000000000000000        88988326.164694667     
   98.000000000000000        98020364.999089167     
   100.00000000000000        106207348.57943428     
   102.00000000000000        113679710.43954897     
   104.00000000000000        120724330.91925709     
   106.00000000000000        127746784.34025916     
   108.00000000000000        135235203.98248264     
   110.00000000000000        143825299.77867424     
   112.00000000000000        154627321.88278309     
   114.00000000000000        169683805.59462866     
   116.00000000000000        192004652.28604853     
   118.00000000000000        224896706.05545628     
   120.00000000000000        271018963.97138119     
   122.00000000000000        331734420.40435094     
   124.00000000000000        406904800.09531265     
   126.00000000000000        494993868.11304057     
   128.00000000000000        593365812.02220988     
   130.00000000000000        698715445.31487775     
   132.00000000000000        807544314.74434912     
   134.00000000000000        916585636.91397619     
   136.00000000000000        1023696417.7454009     
   138.00000000000000        1126291797.1536992     
   140.00000000000000        1222721029.6177893     
   142.00000000000000        1312106849.4472318     
   144.00000000000000        1394064517.2401950     
   146.00000000000000        1468588525.4213855     
   148.00000000000000        1535953468.6091020     
   150.00000000000000        1596635393.7001171     
   152.00000000000000        1651256528.9483213     
   154.00000000000000        1700545953.4318132     
   156.00000000000000        1745293804.5868242     
   158.00000000000000        1786266406.0177627     
   160.00000000000000        1824061779.3295078     
   162.00000000000000        1858926007.1106102     
   164.00000000000000        1890596034.8211486     
   166.00000000000000        1918246999.9926419     
   168.00000000000000        1940585055.5436852     
   170.00000000000000        1956066726.0044608     
   172.00000000000000        1963178737.8519299     
   174.00000000000000        1960700121.2469518     
   176.00000000000000        1947887378.8599050     
   178.00000000000000        1924557390.6875780     
   180.00000000000000        1891073983.1955276     
   182.00000000000000        1848263644.4747772     
   184.00000000000000        1797292201.2360857     
   186.00000000000000        1739531173.5151007     
   188.00000000000000        1676434598.0187385     
   190.00000000000000        1609438276.2689261     
   192.00000000000000        1539885942.4036436     
   194.00000000000000        1468981623.6942835     
   196.00000000000000        1397764481.5615907     
   198.00000000000000        1327101176.7401252     
   200.00000000000000        1257690723.9273593     
