   0.0000000000000000        18008620965078.840     
   2.0000000000000000        19397082017186.215     
   4.0000000000000000        20710133092071.590     
   6.0000000000000000        22263038599506.457     
   8.0000000000000000        24017608446859.793     
   10.000000000000000        26220403631205.383     
   12.000000000000000        29874057610795.578     
   14.000000000000000        35661981684246.758     
   16.000000000000000        44683370485690.844     
   18.000000000000000        57711799575491.156     
   20.000000000000000        77602007035193.594     
   22.000000000000000        110181196955028.16     
   24.000000000000000        164141424559285.84     
   26.000000000000000        255507567015948.47     
   28.000000000000000        399841135415810.31     
   30.000000000000000        615247185907337.00     
   32.000000000000000        970987701047530.50     
   34.000000000000000        1469288125699928.0     
   36.000000000000000        1875196608629659.2     
   38.000000000000000        2109616818568719.0     
   40.000000000000000        2080148608212053.5     
   42.000000000000000        1949164073238058.0     
   44.000000000000000        1898661594326143.2     
   46.000000000000000        2184276144711822.2     
   48.000000000000000        3272810713480324.5     
   50.000000000000000        5754544987791867.0     
   52.000000000000000        9844919461603736.0     
   54.000000000000000        15258776377346078.     
   56.000000000000000        21623535491713064.     
   58.000000000000000        28802842943709776.     
   60.000000000000000        36660225421330088.     
   62.000000000000000        44317562897400560.     
   64.000000000000000        50382984085682768.     
   66.000000000000000        54577472493471808.     
   68.000000000000000        56803706802374784.     
   70.000000000000000        56873968425672840.     
   72.000000000000000        54912431864599392.     
   74.000000000000000        51289768341197256.     
   76.000000000000000        46519716383327576.     
   78.000000000000000        41139701020142256.     
   80.000000000000000        35615712129508308.     
   82.000000000000000        30293548050570940.     
   84.000000000000000        25392732898936004.     
   86.000000000000000        21026726535132524.     
   88.000000000000000        17232835982302060.     
   90.000000000000000        14000134930794864.     
   92.000000000000000        11290060671334334.     
   94.000000000000000        9034880989737010.0     
   96.000000000000000        7177428636359354.0     
   98.000000000000000        5675192802124026.0     
   100.00000000000000        4477871485951289.0     
   102.00000000000000        3534170268714357.5     
   104.00000000000000        2796229221558481.0     
   106.00000000000000        2222014340353221.8     
   108.00000000000000        1776188426675290.8     
   110.00000000000000        1429991177718277.0     
   112.00000000000000        1160569686509191.2     
   114.00000000000000        950077887966931.88     
   116.00000000000000        784749324568350.75     
   118.00000000000000        654054231326260.50     
   120.00000000000000        549983849387888.69     
   122.00000000000000        466465999603947.69     
   124.00000000000000        398900152539163.25     
   126.00000000000000        343795425739806.12     
   128.00000000000000        298493776514680.88     
   130.00000000000000        260961229710787.53     
   132.00000000000000        229631877629396.44     
   134.00000000000000        203291959119730.88     
   136.00000000000000        180993920944465.22     
   138.00000000000000        161992633020779.59     
   140.00000000000000        145698037668375.78     
   142.00000000000000        131639679096609.89     
   144.00000000000000        119440001907887.14     
   146.00000000000000        108794120107712.92     
   148.00000000000000        99454374946945.375     
   150.00000000000000        91218462654764.484     
   152.00000000000000        83920243543608.219     
   154.00000000000000        77422580019427.859     
   156.00000000000000        71611720977177.781     
   158.00000000000000        66392872809578.789     
   160.00000000000000        61686686597777.172     
   162.00000000000000        57426456771438.859     
   164.00000000000000        53555875369972.242     
   166.00000000000000        50027222455968.633     
   168.00000000000000        46799900634823.125     
   170.00000000000000        43839242515807.414     
   172.00000000000000        41115535816776.719     
   174.00000000000000        38603222922953.203     
   176.00000000000000        36280240972264.070     
   178.00000000000000        34127475703301.805     
   180.00000000000000        32128307826964.621     
   182.00000000000000        30268234995781.652     
   184.00000000000000        28534555806455.445     
   186.00000000000000        26916104925545.070     
   188.00000000000000        25403030516846.824     
   190.00000000000000        23986606805587.723     
   192.00000000000000        22659075928652.461     
   194.00000000000000        21413514266919.543     
   196.00000000000000        20243719292870.105     
   198.00000000000000        19144113631479.523     
   200.00000000000000        18109663650197.410     
