   0.0000000000000000        6.8412656444398830E+019
   2.0000000000000000        5.0190522560062505E+019
   4.0000000000000000        4.3084569482151920E+019
   6.0000000000000000        3.6818923131525661E+019
   8.0000000000000000        3.1064928354107068E+019
   10.000000000000000        2.6194664146531860E+019
   12.000000000000000        2.2112428780858966E+019
   14.000000000000000        1.8557773629267849E+019
   16.000000000000000        1.5462693701409569E+019
   18.000000000000000        1.2771646758156483E+019
   20.000000000000000        1.0430073476523762E+019
   22.000000000000000        8.4717102373409690E+018
   24.000000000000000        6.8175615346255452E+018
   26.000000000000000        5.4885369765935596E+018
   28.000000000000000        4.4245208233272105E+018
   30.000000000000000        3.5760830033348879E+018
   32.000000000000000        2.9105146825259049E+018
   34.000000000000000        2.3664008409695913E+018
   36.000000000000000        1.9196987206332063E+018
   38.000000000000000        1.5583798240526495E+018
   40.000000000000000        1.2540566735904410E+018
   42.000000000000000        1.0133287768173853E+018
   44.000000000000000        8.2382562831787302E+017
   46.000000000000000        6.7466350525823770E+017
   48.000000000000000        5.5730489585772416E+017
   50.000000000000000        4.6455398373680250E+017
   52.000000000000000        3.8835478242878714E+017
   54.000000000000000        3.2434111683329178E+017
   56.000000000000000        2.7067503448635261E+017
   58.000000000000000        2.2360426078843789E+017
   60.000000000000000        1.8010398618021526E+017
   62.000000000000000        1.4358323331845654E+017
   64.000000000000000        1.1124104175617869E+017
   66.000000000000000        85196894214942432.     
   68.000000000000000        65595477821094824.     
   70.000000000000000        51859738101554040.     
   72.000000000000000        41239510048119640.     
   74.000000000000000        32792092501688852.     
   76.000000000000000        26544620304868880.     
   78.000000000000000        21578703817634920.     
   80.000000000000000        17463298573209318.     
   82.000000000000000        14198205705474270.     
   84.000000000000000        11540927615459928.     
   86.000000000000000        9313384450338470.0     
   88.000000000000000        7435442529457373.0     
   90.000000000000000        5887597189435631.0     
   92.000000000000000        4623866979085287.0     
   94.000000000000000        3511068897547171.5     
   96.000000000000000        2669376913132720.0     
   98.000000000000000        2045204313067717.0     
   100.00000000000000        1577024304400491.0     
   102.00000000000000        1213291383613349.0     
   104.00000000000000        934225016660632.12     
   106.00000000000000        717235952551036.25     
   108.00000000000000        546411459268126.38     
   110.00000000000000        413559223412374.00     
   112.00000000000000        312616717526053.56     
   114.00000000000000        233760332841838.75     
   116.00000000000000        175571779666564.81     
   118.00000000000000        132164009173130.55     
   120.00000000000000        99917174816718.656     
   122.00000000000000        75945913877130.734     
   124.00000000000000        57960688327277.430     
   126.00000000000000        44516655726555.555     
   128.00000000000000        34418667229799.898     
   130.00000000000000        26776743888246.590     
   132.00000000000000        20947091953606.090     
   134.00000000000000        16503472366974.904     
   136.00000000000000        13067520862078.648     
   138.00000000000000        10390625023689.768     
   140.00000000000000        8311054113722.7998     
   142.00000000000000        6671173360775.5068     
   144.00000000000000        5371201023034.1504     
   146.00000000000000        4342255739918.7163     
   148.00000000000000        3519927204846.2676     
   150.00000000000000        2859569311572.0601     
   152.00000000000000        2328968799806.4092     
   154.00000000000000        1901100170418.1304     
   156.00000000000000        1554309857262.4377     
   158.00000000000000        1272672016251.8279     
   160.00000000000000        1044043372504.7390     
   162.00000000000000        857514248978.77930     
   164.00000000000000        705097296877.96228     
   166.00000000000000        580402262942.33875     
   168.00000000000000        478328032050.38831     
   170.00000000000000        394545744539.26898     
   172.00000000000000        325701127374.91235     
   174.00000000000000        269071967508.93781     
   176.00000000000000        222472537920.57816     
   178.00000000000000        184060806137.69940     
   180.00000000000000        152370117667.35056     
   182.00000000000000        126204020379.64026     
   184.00000000000000        104585244925.73010     
   186.00000000000000        86713816545.335342     
   188.00000000000000        71926189126.868591     
   190.00000000000000        59683336457.145317     
   192.00000000000000        49542101456.100830     
   194.00000000000000        41137727882.370735     
   196.00000000000000        34170654427.264610     
   198.00000000000000        28391745335.996845     
   200.00000000000000        23596555254.347523     
