   0.0000000000000000        1891219787085575.5     
   2.0000000000000000        1401122698310062.8     
   4.0000000000000000        1086794136606813.5     
   6.0000000000000000        846180636746700.25     
   8.0000000000000000        658872916573325.50     
   10.000000000000000        517301067442102.81     
   12.000000000000000        422001894168245.50     
   14.000000000000000        359198639143035.75     
   16.000000000000000        319445063068525.69     
   18.000000000000000        291636247381502.62     
   20.000000000000000        275903666160336.34     
   22.000000000000000        274182919081848.97     
   24.000000000000000        284421151960646.88     
   26.000000000000000        306452983366012.62     
   28.000000000000000        330123172349323.38     
   30.000000000000000        347962529464282.56     
   32.000000000000000        373568463569825.69     
   34.000000000000000        382430638972609.25     
   36.000000000000000        328719448356419.75     
   38.000000000000000        247095246725786.25     
   40.000000000000000        161000807996704.12     
   42.000000000000000        98308494772670.938     
   44.000000000000000        61396203485238.883     
   46.000000000000000        44475681412077.391     
   48.000000000000000        41438605370953.477     
   50.000000000000000        45485992900081.344     
   52.000000000000000        49343553839594.727     
   54.000000000000000        49261866834963.039     
   56.000000000000000        45469562681798.922     
   58.000000000000000        39678835964652.961     
   60.000000000000000        33108506455094.125     
   62.000000000000000        26079750772102.637     
   64.000000000000000        17835955749798.324     
   66.000000000000000        11089166109382.271     
   68.000000000000000        6578258290859.5342     
   70.000000000000000        3729414185389.8428     
   72.000000000000000        2026651163625.2039     
   74.000000000000000        1060131218244.2289     
   76.000000000000000        536474533878.59558     
   78.000000000000000        264017274677.50662     
   80.000000000000000        127000738786.98927     
   82.000000000000000        59984397310.067993     
   84.000000000000000        27925598950.206192     
   86.000000000000000        12854852608.527737     
   88.000000000000000        5866093841.4113846     
   90.000000000000000        2659388616.8727956     
   92.000000000000000        1199580036.2422874     
   94.000000000000000        535325838.10838759     
   96.000000000000000        235357546.97480530     
   98.000000000000000        102388403.69404015     
   100.00000000000000        44323961.190312259     
   102.00000000000000        19204310.344079215     
   104.00000000000000        8373831.9850482978     
   106.00000000000000        3693247.8403370869     
   108.00000000000000        1654987.0352966334     
   110.00000000000000        756392.93955484324     
   112.00000000000000        353706.10941383906     
   114.00000000000000        169655.91139781161     
   116.00000000000000        83626.368327213189     
   118.00000000000000        42416.100212657162     
   120.00000000000000        22155.052391434841     
   122.00000000000000        11921.074426803441     
   124.00000000000000        6607.5113129662368     
   126.00000000000000        3771.2012090603607     
   128.00000000000000        2214.9534638075434     
   130.00000000000000        1337.5898615600447     
   132.00000000000000        829.68157479515185     
   134.00000000000000        527.99602113524008     
   136.00000000000000        344.30292184965748     
   138.00000000000000        229.76017018813553     
   140.00000000000000        156.69325796652166     
   142.00000000000000        109.06336873724996     
   144.00000000000000        77.370209303792947     
   146.00000000000000        55.867104016416803     
   148.00000000000000        41.007227970167641     
   150.00000000000000        30.558921525083040     
   152.00000000000000        23.091965413749573     
   154.00000000000000        17.673557328293498     
   156.00000000000000        13.685077567992794     
   158.00000000000000        10.709702712549298     
   160.00000000000000        8.4623070972116601     
   162.00000000000000        6.7450326220483596     
   164.00000000000000        5.4186921349731367     
   166.00000000000000        4.3840920628351903     
   168.00000000000000        3.5696618612783464     
   170.00000000000000        2.9231506235515390     
   172.00000000000000        2.4059822860540296     
   174.00000000000000        1.9893713424678483     
   176.00000000000000        1.6516188584635858     
   178.00000000000000        1.3762091922639479     
   180.00000000000000        1.1504560601458924     
   182.00000000000000       0.96452957936521078     
   184.00000000000000       0.81075025805663814     
   186.00000000000000       0.68307188057144785     
   188.00000000000000       0.57669932508171506     
   190.00000000000000       0.48780364195844711     
   192.00000000000000       0.41330785175647405     
   194.00000000000000       0.35072459727277688     
   196.00000000000000       0.29803212586756894     
   198.00000000000000       0.25357882884435023     
   200.00000000000000       0.21600922070292652     
