1 0 0 0 0 0 0 0 
0 0 0 0 0 0 0 0 
0 0 0 0 0 0 0 0 
1 0 0 0 0 0 0 0 
0 0 0 0 0 0 0 0 
0 0 0 0 0 0 0 0 
1 0 0 0 0 0 0 0 
0 0 0 0 0 0 0 0 
0 0 0 0 0 0 0 0 
1 0 0 0 0 0 0 0 
0 0 0 0 0 0 0 0 
0 0 0 0 0 0 0 0 
1 0 0 0 0 0 0 0 
0 0 0 0 0 0 0 0 
0 0 0 0 0 0 0 0 
1 0 0 0 0 0 0 0 
0 0 0 0 0 0 0 0 
0 0 0 0 0 0 0 0 
1 0 0 0 0 0 0 0 
0 0 0 0 0 0 0 0 
0 0 0 0 0 0 0 0 
1 0 0 0 0 0 0 0 
0 0 0 0 0 0 0 0 
0 0 0 0 0 0 0 0 
1 0 0 0 0 0 0 0 
0 0 0 0 0 0 0 0 
0 0 0 0 0 0 0 0 
1 0 0 0 0 0 0 0 
0 0 0 0 0 0 0 0 
0 0 0 0 0 0 0 0 
1 0 0 0 0 0 0 0 
0 0 0 0 0 0 0 0 
0 0 0 0 0 0 0 0 
1 0 0 0 0 0 0 0 
0 0 0 0 0 0 0 0 
0 0 0 0 0 0 0 0 
1 0 0 0 0 0 0 0 
0 0 0 0 0 0 0 0 
0 0 0 0 0 0 0 0 
1 0 0 0 0 0 0 0 
0 0 0 0 0 0 0 0 
0 0 0 0 0 0 0 0 
1 0 0 0 0 0 0 0 
0 0 0 0 0 0 0 0 
0 0 0 0 0 0 0 0 
1 0 0 0 0 0 0 0 
0 0 0 0 0 0 0 0 
0 0 0 0 0 0 0 0 
1 0 0 0 0 0 0 0 
0 0 0 0 0 0 0 0 
0 0 0 0 0 0 0 0 
1 0 0 0 0 0 0 0 
0 0 0 0 0 0 0 0 
0 0 0 0 0 0 0 0 
7 4.0e-12 3 250.0 4 -0.7 6 3 
0 0 0 0 0 0 0 0 
0 0 0 0 0 0 0 0 
7 4.0e-12 3 250.0 4 -0.7 6 3 
0 0 0 0 0 0 0 0 
0 0 0 0 0 0 0 0 
7 1.0e-8 3 300.0 4 -0.6 6 3 
0 0 0 0 0 0 0 0 
0 0 0 0 0 0 0 0 
7 2.3e-7 3 300.0 4 -0.4 6 3 
0 0 0 0 0 0 0 0 
0 0 0 0 0 0 0 0 
7 4.4e-8 3 300.0 4 -0.5 6 3 
0 0 0 0 0 0 0 0 
0 0 0 0 0 0 0 0 
7 5.6e-8 3 300.0 4 -0.5 6 3 
0 0 0 0 0 0 0 0 
0 0 0 0 0 0 0 0 
7 4.0e-12 3 250.0 4 -0.7 6 3 
0 0 0 0 0 0 0 0 
0 0 0 0 0 0 0 0 
7 1.5e-7 3 300.0 4 -0.42 6 3 
0 0 0 0 0 0 0 0 
0 0 0 0 0 0 0 0 
7 2.5e-7 3 300.0 4 -0.5 6 3 
0 0 0 0 0 0 0 0 
0 0 0 0 0 0 0 0 
7 3.5e-7 3 300.0 4 -0.5 6 3 
0 0 0 0 0 0 0 0 
0 0 0 0 0 0 0 0 
7 3.5e-7 3 300.0 4 -0.5 6 3 
0 0 0 0 0 0 0 0 
0 0 0 0 0 0 0 0 
7 3.5e-7 3 300.0 4 -0.5 6 3 
0 0 0 0 0 0 0 0 
0 0 0 0 0 0 0 0 
7 8.8e-7 3 300.0 4 -0.5 6 3 
0 0 0 0 0 0 0 0 
0 0 0 0 0 0 0 0 
7 2.2e-7 3 300.0 4 -0.5 6 3 
0 0 0 0 0 0 0 0 
0 0 0 0 0 0 0 0 
7 3.0e-7 3 300.0 4 -0.5 6 3 
0 0 0 0 0 0 0 0 
0 0 0 0 0 0 0 0 
7 2.7e-7 3 300.0 4 -0.5 6 3 
0 0 0 0 0 0 0 0 
0 0 0 0 0 0 0 0 
7 2.7e-7 3 300.0 4 -0.5 6 3 
0 0 0 0 0 0 0 0 
0 0 0 0 0 0 0 0 
7 2.7e-7 3 300.0 4 -0.5 6 3 
0 0 0 0 0 0 0 0 
0 0 0 0 0 0 0 0 
7 2.7e-7 3 300.0 4 -0.5 6 3 
0 0 0 0 0 0 0 0 
0 0 0 0 0 0 0 0 
7 4.5e-7 3 300.0 4 -0.5 6 3 
0 0 0 0 0 0 0 0 
0 0 0 0 0 0 0 0 
7 4.5e-7 3 300.0 4 -0.5 6 3 
0 0 0 0 0 0 0 0 
0 0 0 0 0 0 0 0 
7 3.0e-7 3 300.0 4 -0.5 6 3 
0 0 0 0 0 0 0 0 
0 0 0 0 0 0 0 0 
7 3.0e-7 3 300.0 4 -0.5 6 3 
0 0 0 0 0 0 0 0 
0 0 0 0 0 0 0 0 
7 7.4e-7 3 300.0 4 -0.5 6 3 
0 0 0 0 0 0 0 0 
0 0 0 0 0 0 0 0 
7 7.4e-7 3 300.0 4 -0.5 6 3 
0 0 0 0 0 0 0 0 
0 0 0 0 0 0 0 0 
7 3.0e-7 3 300.0 4 -0.5 6 3 
0 0 0 0 0 0 0 0 
0 0 0 0 0 0 0 0 
7 3.0e-7 3 300.0 4 -0.5 6 3 
0 0 0 0 0 0 0 0 
0 0 0 0 0 0 0 0 
7 3.5e-7 3 300.0 4 -0.5 6 3 
0 0 0 0 0 0 0 0 
0 0 0 0 0 0 0 0 
7 7.5e-7 3 300.0 4 -0.5 6 3 
0 0 0 0 0 0 0 0 
0 0 0 0 0 0 0 0 
7 7.5e-7 3 300.0 4 -0.5 6 3 
0 0 0 0 0 0 0 0 
0 0 0 0 0 0 0 0 
7 7.5e-7 3 300.0 4 -0.5 6 3 
0 0 0 0 0 0 0 0 
0 0 0 0 0 0 0 0 
7 7.5e-7 3 300.0 4 -0.5 6 3 
0 0 0 0 0 0 0 0 
0 0 0 0 0 0 0 0 
7 7.5e-7 3 300.0 4 -0.5 6 3 
0 0 0 0 0 0 0 0 
0 0 0 0 0 0 0 0 
7 7.5e-7 3 300.0 4 -0.5 6 3 
0 0 0 0 0 0 0 0 
0 0 0 0 0 0 0 0 
7 7.5e-7 3 300.0 4 -0.5 6 3 
0 0 0 0 0 0 0 0 
0 0 0 0 0 0 0 0 
7 7.5e-7 3 300.0 4 -0.5 6 3 
0 0 0 0 0 0 0 0 
0 0 0 0 0 0 0 0 
7 7.5e-7 3 300.0 4 -0.5 6 3 
0 0 0 0 0 0 0 0 
0 0 0 0 0 0 0 0 
7 7.5e-7 3 300.0 4 -0.5 6 3 
0 0 0 0 0 0 0 0 
0 0 0 0 0 0 0 0 
7 7.5e-7 3 300.0 4 -0.5 6 3 
0 0 0 0 0 0 0 0 
0 0 0 0 0 0 0 0 
7 7.5e-7 3 300.0 4 -0.5 6 3 
0 0 0 0 0 0 0 0 
0 0 0 0 0 0 0 0 
7 7.5e-7 3 300.0 4 -0.5 6 3 
0 0 0 0 0 0 0 0 
0 0 0 0 0 0 0 0 
7 7.5e-7 3 300.0 4 -0.5 6 3 
0 0 0 0 0 0 0 0 
0 0 0 0 0 0 0 0 
7 7.5e-7 3 300.0 4 -0.5 6 3 
0 0 0 0 0 0 0 0 
0 0 0 0 0 0 0 0 
1 2.00e-9 0 0 0 0 0 0 
0 0 0 0 0 0 0 0 
0 0 0 0 0 0 0 0 
1 6.40e-10 0 0 0 0 0 0 
0 0 0 0 0 0 0 0 
0 0 0 0 0 0 0 0 
1 1.40e-10 0 0 0 0 0 0 
0 0 0 0 0 0 0 0 
0 0 0 0 0 0 0 0 
1 1.10e-10 0 0 0 0 0 0 
0 0 0 0 0 0 0 0 
0 0 0 0 0 0 0 0 
1 1.41e-9 0 0 0 0 0 0 
0 0 0 0 0 0 0 0 
0 0 0 0 0 0 0 0 
1 2.28e-9 0 0 0 0 0 0 
0 0 0 0 0 0 0 0 
0 0 0 0 0 0 0 0 
1 4.77e-10 0 0 0 0 0 0 
0 0 0 0 0 0 0 0 
0 0 0 0 0 0 0 0 
1 4.82e-9 0 0 0 0 0 0 
0 0 0 0 0 0 0 0 
0 0 0 0 0 0 0 0 
1 2.94e-10 0 0 0 0 0 0 
0 0 0 0 0 0 0 0 
0 0 0 0 0 0 0 0 
1 1.37e-9 0 0 0 0 0 0 
0 0 0 0 0 0 0 0 
0 0 0 0 0 0 0 0 
1 2.35e-9 0 0 0 0 0 0 
0 0 0 0 0 0 0 0 
0 0 0 0 0 0 0 0 
1 6.86e-10 0 0 0 0 0 0 
0 0 0 0 0 0 0 0 
0 0 0 0 0 0 0 0 
1 1.96e-10 0 0 0 0 0 0 
0 0 0 0 0 0 0 0 
0 0 0 0 0 0 0 0 
1 9.35e-15 0 0 0 0 0 0 
0 0 0 0 0 0 0 0 
0 0 0 0 0 0 0 0 
1 4.57e-14 0 0 0 0 0 0 
0 0 0 0 0 0 0 0 
0 0 0 0 0 0 0 0 
1 1.0e-9 0 0 0 0 0 0 
0 0 0 0 0 0 0 0 
0 0 0 0 0 0 0 0 
1 4.76e-10 0 0 0 0 0 0 
0 0 0 0 0 0 0 0 
0 0 0 0 0 0 0 0 
1 2.38e-10 0 0 0 0 0 0 
0 0 0 0 0 0 0 0 
0 0 0 0 0 0 0 0 
1 8.50e-10 0 0 0 0 0 0 
0 0 0 0 0 0 0 0 
0 0 0 0 0 0 0 0 
1 8.50e-11 0 0 0 0 0 0 
0 0 0 0 0 0 0 0 
0 0 0 0 0 0 0 0 
1 5.10e-11 0 0 0 0 0 0 
0 0 0 0 0 0 0 0 
0 0 0 0 0 0 0 0 
1 2.45e-10 0 0 0 0 0 0 
0 0 0 0 0 0 0 0 
0 0 0 0 0 0 0 0 
1 8.75e-10 0 0 0 0 0 0 
0 0 0 0 0 0 0 0 
0 0 0 0 0 0 0 0 
1 1.61e-9 0 0 0 0 0 0 
0 0 0 0 0 0 0 0 
0 0 0 0 0 0 0 0 
1 7.70e-10 0 0 0 0 0 0 
0 0 0 0 0 0 0 0 
0 0 0 0 0 0 0 0 
1 2.38e-10 0 0 0 0 0 0 
0 0 0 0 0 0 0 0 
0 0 0 0 0 0 0 0 
1 1.70e-10 0 0 0 0 0 0 
0 0 0 0 0 0 0 0 
0 0 0 0 0 0 0 0 
1 2.18e-9 0 0 0 0 0 0 
0 0 0 0 0 0 0 0 
0 0 0 0 0 0 0 0 
1 4.42e-10 0 0 0 0 0 0 
0 0 0 0 0 0 0 0 
0 0 0 0 0 0 0 0 
1 4.08e-10 0 0 0 0 0 0 
0 0 0 0 0 0 0 0 
0 0 0 0 0 0 0 0 
1 4.20e-10 0 0 0 0 0 0 
0 0 0 0 0 0 0 0 
0 0 0 0 0 0 0 0 
1 1.74e-9 0 0 0 0 0 0 
0 0 0 0 0 0 0 0 
0 0 0 0 0 0 0 0 
1 8.40e-10 0 0 0 0 0 0 
0 0 0 0 0 0 0 0 
0 0 0 0 0 0 0 0 
1 3.69e-9 0 0 0 0 0 0 
0 0 0 0 0 0 0 0 
0 0 0 0 0 0 0 0 
1 0.81e-9 0 0 0 0 0 0 
0 0 0 0 0 0 0 0 
0 0 0 0 0 0 0 0 
1 1.30e-9 0 0 0 0 0 0 
0 0 0 0 0 0 0 0 
0 0 0 0 0 0 0 0 
1 1.30e-9 0 0 0 0 0 0 
0 0 0 0 0 0 0 0 
0 0 0 0 0 0 0 0 
1 1.30e-9 0 0 0 0 0 0 
0 0 0 0 0 0 0 0 
0 0 0 0 0 0 0 0 
1 2.0e-9 0 0 0 0 0 0 
0 0 0 0 0 0 0 0 
0 0 0 0 0 0 0 0 
1 1.50e-9 0 0 0 0 0 0 
0 0 0 0 0 0 0 0 
0 0 0 0 0 0 0 0 
1 9.10e-10 0 0 0 0 0 0 
0 0 0 0 0 0 0 0 
0 0 0 0 0 0 0 0 
1 7.00e-10 0 0 0 0 0 0 
0 0 0 0 0 0 0 0 
0 0 0 0 0 0 0 0 
1 2.10e-9 0 0 0 0 0 0 
0 0 0 0 0 0 0 0 
0 0 0 0 0 0 0 0 
1 1.05e-9 0 0 0 0 0 0 
0 0 0 0 0 0 0 0 
0 0 0 0 0 0 0 0 
1 1.05e-9 0 0 0 0 0 0 
0 0 0 0 0 0 0 0 
0 0 0 0 0 0 0 0 
1 2.40e-9 0 0 0 0 0 0 
0 0 0 0 0 0 0 0 
0 0 0 0 0 0 0 0 
1 2.90e-9 0 0 0 0 0 0 
0 0 0 0 0 0 0 0 
0 0 0 0 0 0 0 0 
1 0.69e-9 0 0 0 0 0 0 
0 0 0 0 0 0 0 0 
0 0 0 0 0 0 0 0 
1 1.61e-9 0 0 0 0 0 0 
0 0 0 0 0 0 0 0 
0 0 0 0 0 0 0 0 
1 2.40e-9 0 0 0 0 0 0 
0 0 0 0 0 0 0 0 
0 0 0 0 0 0 0 0 
1 3.30e-10 0 0 0 0 0 0 
0 0 0 0 0 0 0 0 
0 0 0 0 0 0 0 0 
1 9.80e-10 0 0 0 0 0 0 
0 0 0 0 0 0 0 0 
0 0 0 0 0 0 0 0 
1 2.80e-9 0 0 0 0 0 0 
0 0 0 0 0 0 0 0 
0 0 0 0 0 0 0 0 
1 8.50e-11 0 0 0 0 0 0 
0 0 0 0 0 0 0 0 
0 0 0 0 0 0 0 0 
1 1.70e-10 0 0 0 0 0 0 
0 0 0 0 0 0 0 0 
0 0 0 0 0 0 0 0 
1 8.50e-11 0 0 0 0 0 0 
0 0 0 0 0 0 0 0 
0 0 0 0 0 0 0 0 
1 3.40e-10 0 0 0 0 0 0 
0 0 0 0 0 0 0 0 
0 0 0 0 0 0 0 0 
1 1.00e-9 0 0 0 0 0 0 
0 0 0 0 0 0 0 0 
0 0 0 0 0 0 0 0 
1 1.70e-10 0 0 0 0 0 0 
0 0 0 0 0 0 0 0 
0 0 0 0 0 0 0 0 
1 5.10e-10 0 0 0 0 0 0 
0 0 0 0 0 0 0 0 
0 0 0 0 0 0 0 0 
1 1.70e-10 0 0 0 0 0 0 
0 0 0 0 0 0 0 0 
0 0 0 0 0 0 0 0 
1 8.50e-10 0 0 0 0 0 0 
0 0 0 0 0 0 0 0 
0 0 0 0 0 0 0 0 
1 7.50e-10 0 0 0 0 0 0 
0 0 0 0 0 0 0 0 
0 0 0 0 0 0 0 0 
1 1.20e-9 0 0 0 0 0 0 
0 0 0 0 0 0 0 0 
0 0 0 0 0 0 0 0 
1 6.50e-11 0 0 0 0 0 0 
0 0 0 0 0 0 0 0 
0 0 0 0 0 0 0 0 
1 1.10e-9 0 0 0 0 0 0 
0 0 0 0 0 0 0 0 
0 0 0 0 0 0 0 0 
1 1.40e-10 0 0 0 0 0 0 
0 0 0 0 0 0 0 0 
0 0 0 0 0 0 0 0 
1 2.40e-9 0 0 0 0 0 0 
0 0 0 0 0 0 0 0 
0 0 0 0 0 0 0 0 
1 1.60e-9 0 0 0 0 0 0 
0 0 0 0 0 0 0 0 
0 0 0 0 0 0 0 0 
1 3.60e-10 0 0 0 0 0 0 
0 0 0 0 0 0 0 0 
0 0 0 0 0 0 0 0 
1 8.40e-10 0 0 0 0 0 0 
0 0 0 0 0 0 0 0 
0 0 0 0 0 0 0 0 
1 2.50e-9 0 0 0 0 0 0 
0 0 0 0 0 0 0 0 
0 0 0 0 0 0 0 0 
1 1.20e-9 0 0 0 0 0 0 
0 0 0 0 0 0 0 0 
0 0 0 0 0 0 0 0 
1 1.20e-9 0 0 0 0 0 0 
0 0 0 0 0 0 0 0 
0 0 0 0 0 0 0 0 
1 3.50e-10 0 0 0 0 0 0 
0 0 0 0 0 0 0 0 
0 0 0 0 0 0 0 0 
1 4.60e-11 0 0 0 0 0 0 
0 0 0 0 0 0 0 0 
0 0 0 0 0 0 0 0 
1 5.20e-10 0 0 0 0 0 0 
0 0 0 0 0 0 0 0 
0 0 0 0 0 0 0 0 
1 1.50e-9 0 0 0 0 0 0 
0 0 0 0 0 0 0 0 
0 0 0 0 0 0 0 0 
1 1.60e-10 0 0 0 0 0 0 
0 0 0 0 0 0 0 0 
0 0 0 0 0 0 0 0 
1 1.00e-10 0 0 0 0 0 0 
0 0 0 0 0 0 0 0 
0 0 0 0 0 0 0 0 
1 3.0e-11 0 0 0 0 0 0 
0 0 0 0 0 0 0 0 
0 0 0 0 0 0 0 0 
1 1.50e-9 0 0 0 0 0 0 
0 0 0 0 0 0 0 0 
0 0 0 0 0 0 0 0 
1 1.13e-9 0 0 0 0 0 0 
0 0 0 0 0 0 0 0 
0 0 0 0 0 0 0 0 
1 1.23e-9 0 0 0 0 0 0 
0 0 0 0 0 0 0 0 
0 0 0 0 0 0 0 0 
1 1.51e-10 0 0 0 0 0 0 
0 0 0 0 0 0 0 0 
0 0 0 0 0 0 0 0 
1 1.38e-9 0 0 0 0 0 0 
0 0 0 0 0 0 0 0 
0 0 0 0 0 0 0 0 
1 4.23e-10 0 0 0 0 0 0 
0 0 0 0 0 0 0 0 
0 0 0 0 0 0 0 0 
1 5.52e-11 0 0 0 0 0 0 
0 0 0 0 0 0 0 0 
0 0 0 0 0 0 0 0 
1 1.91e-9 0 0 0 0 0 0 
0 0 0 0 0 0 0 0 
0 0 0 0 0 0 0 0 
1 1.50e-10 0 0 0 0 0 0 
0 0 0 0 0 0 0 0 
0 0 0 0 0 0 0 0 
1 1.56e-9 0 0 0 0 0 0 
0 0 0 0 0 0 0 0 
0 0 0 0 0 0 0 0 
1 1.50e-9 0 0 0 0 0 0 
0 0 0 0 0 0 0 0 
0 0 0 0 0 0 0 0 
1 2.25e-10 0 0 0 0 0 0 
0 0 0 0 0 0 0 0 
0 0 0 0 0 0 0 0 
1 1.28e-9 0 0 0 0 0 0 
0 0 0 0 0 0 0 0 
0 0 0 0 0 0 0 0 
1 1.20e-9 0 0 0 0 0 0 
0 0 0 0 0 0 0 0 
0 0 0 0 0 0 0 0 
1 2.38e-10 0 0 0 0 0 0 
0 0 0 0 0 0 0 0 
0 0 0 0 0 0 0 0 
1 1.82e-10 0 0 0 0 0 0 
0 0 0 0 0 0 0 0 
0 0 0 0 0 0 0 0 
1 1.96e-10 0 0 0 0 0 0 
0 0 0 0 0 0 0 0 
0 0 0 0 0 0 0 0 
1 5.74e-10 0 0 0 0 0 0 
0 0 0 0 0 0 0 0 
0 0 0 0 0 0 0 0 
1 2.10e-10 0 0 0 0 0 0 
0 0 0 0 0 0 0 0 
0 0 0 0 0 0 0 0 
1 1.20e-9 0 0 0 0 0 0 
0 0 0 0 0 0 0 0 
0 0 0 0 0 0 0 0 
1 1.90e-9 0 0 0 0 0 0 
0 0 0 0 0 0 0 0 
0 0 0 0 0 0 0 0 
1 1.70e-9 0 0 0 0 0 0 
0 0 0 0 0 0 0 0 
0 0 0 0 0 0 0 0 
1 3.74e-10 0 0 0 0 0 0 
0 0 0 0 0 0 0 0 
0 0 0 0 0 0 0 0 
1 3.74e-10 0 0 0 0 0 0 
0 0 0 0 0 0 0 0 
0 0 0 0 0 0 0 0 
1 1.32e-10 0 0 0 0 0 0 
0 0 0 0 0 0 0 0 
0 0 0 0 0 0 0 0 
1 2.20e-10 0 0 0 0 0 0 
0 0 0 0 0 0 0 0 
0 0 0 0 0 0 0 0 
1 1.20e-9 0 0 0 0 0 0 
0 0 0 0 0 0 0 0 
0 0 0 0 0 0 0 0 
1 1.71e-9 0 0 0 0 0 0 
0 0 0 0 0 0 0 0 
0 0 0 0 0 0 0 0 
1 1.80e-12 0 0 0 0 0 0 
0 0 0 0 0 0 0 0 
0 0 0 0 0 0 0 0 
1 1.60e-10 0 0 0 0 0 0 
0 0 0 0 0 0 0 0 
0 0 0 0 0 0 0 0 
1 6.40e-10 0 0 0 0 0 0 
0 0 0 0 0 0 0 0 
0 0 0 0 0 0 0 0 
1 5.16e-10 0 0 0 0 0 0 
0 0 0 0 0 0 0 0 
0 0 0 0 0 0 0 0 
1 5.88e-10 0 0 0 0 0 0 
0 0 0 0 0 0 0 0 
0 0 0 0 0 0 0 0 
1 8.96e-10 0 0 0 0 0 0 
0 0 0 0 0 0 0 0 
0 0 0 0 0 0 0 0 
1 2.80e-10 0 0 0 0 0 0 
0 0 0 0 0 0 0 0 
0 0 0 0 0 0 0 0 
1 2.24e-10 0 0 0 0 0 0 
0 0 0 0 0 0 0 0 
0 0 0 0 0 0 0 0 
1 2.63e-10 0 0 0 0 0 0 
0 0 0 0 0 0 0 0 
0 0 0 0 0 0 0 0 
1 1.31e-10 0 0 0 0 0 0 
0 0 0 0 0 0 0 0 
0 0 0 0 0 0 0 0 
1 8.76e-11 0 0 0 0 0 0 
0 0 0 0 0 0 0 0 
0 0 0 0 0 0 0 0 
1 1.46e-11 0 0 0 0 0 0 
0 0 0 0 0 0 0 0 
0 0 0 0 0 0 0 0 
1 7.88e-10 0 0 0 0 0 0 
0 0 0 0 0 0 0 0 
0 0 0 0 0 0 0 0 
1 7.30e-11 0 0 0 0 0 0 
0 0 0 0 0 0 0 0 
0 0 0 0 0 0 0 0 
1 1.31e-10 0 0 0 0 0 0 
0 0 0 0 0 0 0 0 
0 0 0 0 0 0 0 0 
1 1.00e-10 0 0 0 0 0 0 
0 0 0 0 0 0 0 0 
0 0 0 0 0 0 0 0 
1 2.00e-10 0 0 0 0 0 0 
0 0 0 0 0 0 0 0 
0 0 0 0 0 0 0 0 
1 2.16e-10 0 0 0 0 0 0 
0 0 0 0 0 0 0 0 
0 0 0 0 0 0 0 0 
1 9.30e-10 0 0 0 0 0 0 
0 0 0 0 0 0 0 0 
0 0 0 0 0 0 0 0 
1 2.91e-10 0 0 0 0 0 0 
0 0 0 0 0 0 0 0 
0 0 0 0 0 0 0 0 
1 2.48e-10 0 0 0 0 0 0 
0 0 0 0 0 0 0 0 
0 0 0 0 0 0 0 0 
1 8.06e-11 0 0 0 0 0 0 
0 0 0 0 0 0 0 0 
0 0 0 0 0 0 0 0 
1 3.0e-10 0 0 0 0 0 0 
0 0 0 0 0 0 0 0 
0 0 0 0 0 0 0 0 
1 6.73e-10 0 0 0 0 0 0 
0 0 0 0 0 0 0 0 
0 0 0 0 0 0 0 0 
1 2.37e-10 0 0 0 0 0 0 
0 0 0 0 0 0 0 0 
0 0 0 0 0 0 0 0 
1 7.19e-10 0 0 0 0 0 0 
0 0 0 0 0 0 0 0 
0 0 0 0 0 0 0 0 
1 7.11e-11 0 0 0 0 0 0 
0 0 0 0 0 0 0 0 
0 0 0 0 0 0 0 0 
1 3.71e-13 0 0 0 0 0 0 
0 0 0 0 0 0 0 0 
0 0 0 0 0 0 0 0 
1 4.93e-12 0 0 0 0 0 0 
0 0 0 0 0 0 0 0 
0 0 0 0 0 0 0 0 
1 1.0e-11 0 0 0 0 0 0 
0 0 0 0 0 0 0 0 
0 0 0 0 0 0 0 0 
1 4.00e-15 0 0 0 0 0 0 
0 0 0 0 0 0 0 0 
0 0 0 0 0 0 0 0 
1 6.84e-11 0 0 0 0 0 0 
0 0 0 0 0 0 0 0 
0 0 0 0 0 0 0 0 
1 1.22e-10 0 0 0 0 0 0 
0 0 0 0 0 0 0 0 
0 0 0 0 0 0 0 0 
1 3.90e-10 0 0 0 0 0 0 
0 0 0 0 0 0 0 0 
0 0 0 0 0 0 0 0 
1 4.00e-11 0 0 0 0 0 0 
0 0 0 0 0 0 0 0 
0 0 0 0 0 0 0 0 
1 1.0e-10 0 0 0 0 0 0 
0 0 0 0 0 0 0 0 
0 0 0 0 0 0 0 0 
1 2.22e-10 0 0 0 0 0 0 
0 0 0 0 0 0 0 0 
0 0 0 0 0 0 0 0 
1 8.19e-10 0 0 0 0 0 0 
0 0 0 0 0 0 0 0 
0 0 0 0 0 0 0 0 
1 1.29e-10 0 0 0 0 0 0 
0 0 0 0 0 0 0 0 
0 0 0 0 0 0 0 0 
1 1.15e-9 0 0 0 0 0 0 
0 0 0 0 0 0 0 0 
0 0 0 0 0 0 0 0 
1 7.98e-12 0 0 0 0 0 0 
0 0 0 0 0 0 0 0 
0 0 0 0 0 0 0 0 
1 1.10e-11 0 0 0 0 0 0 
0 0 0 0 0 0 0 0 
0 0 0 0 0 0 0 0 
1 1.0e-9 0 0 0 0 0 0 
0 0 0 0 0 0 0 0 
0 0 0 0 0 0 0 0 
1 1.0e-9 0 0 0 0 0 0 
0 0 0 0 0 0 0 0 
0 0 0 0 0 0 0 0 
1 3.2e-29 0 0 0 0 0 0 
0 0 0 0 0 0 0 0 
0 0 0 0 0 0 0 0 
1 3.3e-28 0 0 0 0 0 0 
0 0 0 0 0 0 0 0 
0 0 0 0 0 0 0 0 
1 1.1e-28 0 0 0 0 0 0 
0 0 0 0 0 0 0 0 
0 0 0 0 0 0 0 0 
1 1.2e-27 0 0 0 0 0 0 
0 0 0 0 0 0 0 0 
0 0 0 0 0 0 0 0 
7 2.7e-31 1 1 4 -0.6 6 3 
0 0 0 0 0 0 0 0 
0 0 0 0 0 0 0 0 
1 0 0 0 0 0 0 0 
0 0 0 0 0 0 0 0 
0 0 0 0 0 0 0 0 
1 0 0 0 0 0 0 0 
0 0 0 0 0 0 0 0 
0 0 0 0 0 0 0 0 
1 0 0 0 0 0 0 0 
0 0 0 0 0 0 0 0 
0 0 0 0 0 0 0 0 
1 0 0 0 0 0 0 0 
0 0 0 0 0 0 0 0 
0 0 0 0 0 0 0 0 
1 0 0 0 0 0 0 0 
0 0 0 0 0 0 0 0 
0 0 0 0 0 0 0 0 
1 0 0 0 0 0 0 0 
0 0 0 0 0 0 0 0 
0 0 0 0 0 0 0 0 
1 0 0 0 0 0 0 0 
0 0 0 0 0 0 0 0 
0 0 0 0 0 0 0 0 
1 0 0 0 0 0 0 0 
0 0 0 0 0 0 0 0 
0 0 0 0 0 0 0 0 
1 0 0 0 0 0 0 0 
0 0 0 0 0 0 0 0 
0 0 0 0 0 0 0 0 
1 0 0 0 0 0 0 0 
0 0 0 0 0 0 0 0 
0 0 0 0 0 0 0 0 
1 0 0 0 0 0 0 0 
0 0 0 0 0 0 0 0 
0 0 0 0 0 0 0 0 
1 0 0 0 0 0 0 0 
0 0 0 0 0 0 0 0 
0 0 0 0 0 0 0 0 
1 1.0e-5 0 0 0 0 0 0 
0 0 0 0 0 0 0 0 
0 0 0 0 0 0 0 0 
1 1.0e-5 0 0 0 0 0 0 
0 0 0 0 0 0 0 0 
0 0 0 0 0 0 0 0 
1 1.0e-5 0 0 0 0 0 0 
0 0 0 0 0 0 0 0 
0 0 0 0 0 0 0 0 
1 1.0e-5 0 0 0 0 0 0 
0 0 0 0 0 0 0 0 
0 0 0 0 0 0 0 0 
7 1.2e-30 1 1.0 4 -0.6 6 3 
0 0 0 0 0 0 0 0 
0 0 0 0 0 0 0 0 
7 4.0e-25 1 1.0 4 -1.8 6 3 
0 0 0 0 0 0 0 0 
0 0 0 0 0 0 0 0 
7 1.6e-30 1 80 4 -0.5 6 3 
0 0 0 0 0 0 0 0 
0 0 0 0 0 0 0 0 
7 1.5e-28 1 80 4 -1.5 6 3 
0 0 0 0 0 0 0 0 
0 0 0 0 0 0 0 0 
7 1.3e-28 1 80 4 -1.0 6 3 
0 0 0 0 0 0 0 0 
0 0 0 0 0 0 0 0 
7 1.3e-28 1 80 4 -1.5 6 3 
0 0 0 0 0 0 0 0 
0 0 0 0 0 0 0 0 
1 1.2e-9 0 0 0 0 0 0 
0 0 0 0 0 0 0 0 
0 0 0 0 0 0 0 0 
1 1.1e-9 0 0 0 0 0 0 
0 0 0 0 0 0 0 0 
0 0 0 0 0 0 0 0 
1 3.4e-9 0 0 0 0 0 0 
0 0 0 0 0 0 0 0 
0 0 0 0 0 0 0 0 
1 2.7e-9 0 0 0 0 0 0 
0 0 0 0 0 0 0 0 
0 0 0 0 0 0 0 0 
1 3.0e-9 0 0 0 0 0 0 
0 0 0 0 0 0 0 0 
0 0 0 0 0 0 0 0 
1 3.0e-9 0 0 0 0 0 0 
0 0 0 0 0 0 0 0 
0 0 0 0 0 0 0 0 
1 3.0e-9 0 0 0 0 0 0 
0 0 0 0 0 0 0 0 
0 0 0 0 0 0 0 0 
1 3.0e-9 0 0 0 0 0 0 
0 0 0 0 0 0 0 0 
0 0 0 0 0 0 0 0 
1 3.0e-9 0 0 0 0 0 0 
0 0 0 0 0 0 0 0 
0 0 0 0 0 0 0 0 
1 3.0e-9 0 0 0 0 0 0 
0 0 0 0 0 0 0 0 
0 0 0 0 0 0 0 0 
1 3.0e-9 0 0 0 0 0 0 
0 0 0 0 0 0 0 0 
0 0 0 0 0 0 0 0 
1 3.0e-9 0 0 0 0 0 0 
0 0 0 0 0 0 0 0 
0 0 0 0 0 0 0 0 
1 3.0e-9 0 0 0 0 0 0 
0 0 0 0 0 0 0 0 
0 0 0 0 0 0 0 0 
1 3.0e-9 0 0 0 0 0 0 
0 0 0 0 0 0 0 0 
0 0 0 0 0 0 0 0 
1 3.0e-9 0 0 0 0 0 0 
0 0 0 0 0 0 0 0 
0 0 0 0 0 0 0 0 
1 3.0e-9 0 0 0 0 0 0 
0 0 0 0 0 0 0 0 
0 0 0 0 0 0 0 0 
1 3.0e-9 0 0 0 0 0 0 
0 0 0 0 0 0 0 0 
0 0 0 0 0 0 0 0 
1 3.0e-9 0 0 0 0 0 0 
0 0 0 0 0 0 0 0 
0 0 0 0 0 0 0 0 
1 3.0e-9 0 0 0 0 0 0 
0 0 0 0 0 0 0 0 
0 0 0 0 0 0 0 0 
1 2.7e-9 0 0 0 0 0 0 
0 0 0 0 0 0 0 0 
0 0 0 0 0 0 0 0 
1 3.1e-9 0 0 0 0 0 0 
0 0 0 0 0 0 0 0 
0 0 0 0 0 0 0 0 
7 1.0e-10 1 300 4 -0.5 6 3 
0 0 0 0 0 0 0 0 
0 0 0 0 0 0 0 0 
7 2.7e-12 3 300 4 -0.6 6 3 
0 0 0 0 0 0 0 0 
0 0 0 0 0 0 0 0 
7 1.5e-7 3 300 4 -0.5 6 3 
0 0 0 0 0 0 0 0 
0 0 0 0 0 0 0 0 
7 1.5e-7 3 300 4 -0.5 6 3 
0 0 0 0 0 0 0 0 
0 0 0 0 0 0 0 0 
7 1.5e-7 3 300 4 -0.5 6 3 
0 0 0 0 0 0 0 0 
0 0 0 0 0 0 0 0 
7 1.5e-7 3 300 4 -0.5 6 3 
0 0 0 0 0 0 0 0 
0 0 0 0 0 0 0 0 
7 1.5e-7 3 300 4 -0.5 6 3 
0 0 0 0 0 0 0 0 
0 0 0 0 0 0 0 0 
7 1.5e-7 3 300 4 -0.5 6 3 
0 0 0 0 0 0 0 0 
0 0 0 0 0 0 0 0 
7 1.5e-7 3 300 4 -0.5 6 3 
0 0 0 0 0 0 0 0 
0 0 0 0 0 0 0 0 
7 1.5e-7 3 300 4 -0.5 6 3 
0 0 0 0 0 0 0 0 
0 0 0 0 0 0 0 0 
7 1.2e-30 1 1.0 4 -1.6 6 3 
0 0 0 0 0 0 0 0 
0 0 0 0 0 0 0 0 
7 3.0e-30 1 1.0 4 -1.0 6 3 
0 0 0 0 0 0 0 0 
0 0 0 0 0 0 0 0 
1 2.0e-30 0 0 0 0 0 0 
0 0 0 0 0 0 0 0 
0 0 0 0 0 0 0 0 
7 1.1e-29 1 294 4 -1.5 6 3 
0 0 0 0 0 0 0 0 
0 0 0 0 0 0 0 0 
7 1.4e-26 1 294 4 -1.0 6 3 
0 0 0 0 0 0 0 0 
0 0 0 0 0 0 0 0 
7 1.4e-26 1 294 4 -1.5 6 3 
0 0 0 0 0 0 0 0 
0 0 0 0 0 0 0 0 
7 1.1e-12 1 300 4 -0.6 6 3 
0 0 0 0 0 0 0 0 
0 0 0 0 0 0 0 0 
1 1.0e-11 0 0 0 0 0 0 
0 0 0 0 0 0 0 0 
0 0 0 0 0 0 0 0 
1 1.8e-9 0 0 0 0 0 0 
0 0 0 0 0 0 0 0 
0 0 0 0 0 0 0 0 
1 1.8e-9 0 0 0 0 0 0 
0 0 0 0 0 0 0 0 
0 0 0 0 0 0 0 0 
1 7.4e-9 0 0 0 0 0 0 
0 0 0 0 0 0 0 0 
0 0 0 0 0 0 0 0 
1 4.9e-9 0 0 0 0 0 0 
0 0 0 0 0 0 0 0 
0 0 0 0 0 0 0 0 
1 2.6e-9 0 0 0 0 0 0 
0 0 0 0 0 0 0 0 
0 0 0 0 0 0 0 0 
1 2.4e-9 0 0 0 0 0 0 
0 0 0 0 0 0 0 0 
0 0 0 0 0 0 0 0 
1 2.0e-9 0 0 0 0 0 0 
0 0 0 0 0 0 0 0 
0 0 0 0 0 0 0 0 
1 3.0e-9 0 0 0 0 0 0 
0 0 0 0 0 0 0 0 
0 0 0 0 0 0 0 0 
1 3.0e-9 0 0 0 0 0 0 
0 0 0 0 0 0 0 0 
0 0 0 0 0 0 0 0 
1 3.0e-9 0 0 0 0 0 0 
0 0 0 0 0 0 0 0 
0 0 0 0 0 0 0 0 
1 3.0e-9 0 0 0 0 0 0 
0 0 0 0 0 0 0 0 
0 0 0 0 0 0 0 0 
1 3.0e-9 0 0 0 0 0 0 
0 0 0 0 0 0 0 0 
0 0 0 0 0 0 0 0 
1 3.0e-9 0 0 0 0 0 0 
0 0 0 0 0 0 0 0 
0 0 0 0 0 0 0 0 
1 3.0e-9 0 0 0 0 0 0 
0 0 0 0 0 0 0 0 
0 0 0 0 0 0 0 0 
1 3.0e-9 0 0 0 0 0 0 
0 0 0 0 0 0 0 0 
0 0 0 0 0 0 0 0 
1 3.0e-9 0 0 0 0 0 0 
0 0 0 0 0 0 0 0 
0 0 0 0 0 0 0 0 
1 3.0e-9 0 0 0 0 0 0 
0 0 0 0 0 0 0 0 
0 0 0 0 0 0 0 0 
1 3.0e-9 0 0 0 0 0 0 
0 0 0 0 0 0 0 0 
0 0 0 0 0 0 0 0 
1 3.0e-9 0 0 0 0 0 0 
0 0 0 0 0 0 0 0 
0 0 0 0 0 0 0 0 
1 3.0e-9 0 0 0 0 0 0 
0 0 0 0 0 0 0 0 
0 0 0 0 0 0 0 0 
1 3.0e-9 0 0 0 0 0 0 
0 0 0 0 0 0 0 0 
0 0 0 0 0 0 0 0 
1 3.0e-9 0 0 0 0 0 0 
0 0 0 0 0 0 0 0 
0 0 0 0 0 0 0 0 
1 1.9e-9 0 0 0 0 0 0 
0 0 0 0 0 0 0 0 
0 0 0 0 0 0 0 0 
7 1.0e-10 1 300 4 0.5 6 3 
0 0 0 0 0 0 0 0 
0 0 0 0 0 0 0 0 
7 3.7e-12 3 300 4 -0.6 6 3 
0 0 0 0 0 0 0 0 
0 0 0 0 0 0 0 0 
7 3.0e-7 3 300 4 -0.5 6 3 
0 0 0 0 0 0 0 0 
0 0 0 0 0 0 0 0 
7 1.5e-7 3 300 4 -0.5 6 3 
0 0 0 0 0 0 0 0 
0 0 0 0 0 0 0 0 
7 1.5e-7 3 300 4 -0.5 6 3 
0 0 0 0 0 0 0 0 
0 0 0 0 0 0 0 0 
7 1.5e-7 3 300 4 -0.5 6 3 
0 0 0 0 0 0 0 0 
0 0 0 0 0 0 0 0 
7 1.5e-7 3 300 4 -0.5 6 3 
0 0 0 0 0 0 0 0 
0 0 0 0 0 0 0 0 
7 1.5e-7 3 300 4 -0.5 6 3 
0 0 0 0 0 0 0 0 
0 0 0 0 0 0 0 0 
7 1.5e-7 3 300 4 -0.5 6 3 
0 0 0 0 0 0 0 0 
0 0 0 0 0 0 0 0 
7 1.5e-7 3 300 4 -0.5 6 3 
0 0 0 0 0 0 0 0 
0 0 0 0 0 0 0 0 
7 1.5e-7 3 300 4 -0.5 6 3 
0 0 0 0 0 0 0 0 
0 0 0 0 0 0 0 0 
7 1.2e-30 1 1.0 4 -0.6 6 3 
0 0 0 0 0 0 0 0 
0 0 0 0 0 0 0 0 
7 3.0e-30 1 1.0 4 -1.0 6 3 
0 0 0 0 0 0 0 0 
0 0 0 0 0 0 0 0 
7 1.6e-30 1 80.0 4 -0.5 6 3 
0 0 0 0 0 0 0 0 
0 0 0 0 0 0 0 0 
7 1.5e-28 1 80.0 4 -1.5 6 3 
0 0 0 0 0 0 0 0 
0 0 0 0 0 0 0 0 
7 1.3e-28 1 80.0 4 -1.0 6 3 
0 0 0 0 0 0 0 0 
0 0 0 0 0 0 0 0 
7 1.3e-28 1 80.0 4 -1.5 6 3 
0 0 0 0 0 0 0 0 
0 0 0 0 0 0 0 0 
1 1.0e-11 0 0 0 0 0 0 
0 0 0 0 0 0 0 0 
0 0 0 0 0 0 0 0 
1 1.8e-9 0 0 0 0 0 0 
0 0 0 0 0 0 0 0 
0 0 0 0 0 0 0 0 
1 1.8e-9 0 0 0 0 0 0 
0 0 0 0 0 0 0 0 
0 0 0 0 0 0 0 0 
1 1.1e-9 0 0 0 0 0 0 
0 0 0 0 0 0 0 0 
0 0 0 0 0 0 0 0 
1 1.0e-9 0 0 0 0 0 0 
0 0 0 0 0 0 0 0 
0 0 0 0 0 0 0 0 
1 1.1e-9 0 0 0 0 0 0 
0 0 0 0 0 0 0 0 
0 0 0 0 0 0 0 0 
1 3.5e-10 0 0 0 0 0 0 
0 0 0 0 0 0 0 0 
0 0 0 0 0 0 0 0 
1 1.4e-9 0 0 0 0 0 0 
0 0 0 0 0 0 0 0 
0 0 0 0 0 0 0 0 
1 3.0e-9 0 0 0 0 0 0 
0 0 0 0 0 0 0 0 
0 0 0 0 0 0 0 0 
1 3.0e-9 0 0 0 0 0 0 
0 0 0 0 0 0 0 0 
0 0 0 0 0 0 0 0 
1 3.0e-9 0 0 0 0 0 0 
0 0 0 0 0 0 0 0 
0 0 0 0 0 0 0 0 
1 3.0e-9 0 0 0 0 0 0 
0 0 0 0 0 0 0 0 
0 0 0 0 0 0 0 0 
1 3.0e-9 0 0 0 0 0 0 
0 0 0 0 0 0 0 0 
0 0 0 0 0 0 0 0 
1 3.0e-9 0 0 0 0 0 0 
0 0 0 0 0 0 0 0 
0 0 0 0 0 0 0 0 
1 3.0e-9 0 0 0 0 0 0 
0 0 0 0 0 0 0 0 
0 0 0 0 0 0 0 0 
1 3.0e-9 0 0 0 0 0 0 
0 0 0 0 0 0 0 0 
0 0 0 0 0 0 0 0 
1 3.0e-9 0 0 0 0 0 0 
0 0 0 0 0 0 0 0 
0 0 0 0 0 0 0 0 
1 3.0e-9 0 0 0 0 0 0 
0 0 0 0 0 0 0 0 
0 0 0 0 0 0 0 0 
1 3.0e-9 0 0 0 0 0 0 
0 0 0 0 0 0 0 0 
0 0 0 0 0 0 0 0 
1 3.0e-9 0 0 0 0 0 0 
0 0 0 0 0 0 0 0 
0 0 0 0 0 0 0 0 
1 3.0e-9 0 0 0 0 0 0 
0 0 0 0 0 0 0 0 
0 0 0 0 0 0 0 0 
1 3.0e-9 0 0 0 0 0 0 
0 0 0 0 0 0 0 0 
0 0 0 0 0 0 0 0 
1 3.0e-9 0 0 0 0 0 0 
0 0 0 0 0 0 0 0 
0 0 0 0 0 0 0 0 
1 3.0e-9 0 0 0 0 0 0 
0 0 0 0 0 0 0 0 
0 0 0 0 0 0 0 0 
1 2.9e-9 0 0 0 0 0 0 
0 0 0 0 0 0 0 0 
0 0 0 0 0 0 0 0 
7 1.0e-10 1 300 4 0.5 6 3 
0 0 0 0 0 0 0 0 
0 0 0 0 0 0 0 0 
7 2.8e-12 3 300 4 -0.8 6 3 
0 0 0 0 0 0 0 0 
0 0 0 0 0 0 0 0 
7 3.0e-7 3 300 4 -0.5 6 3 
0 0 0 0 0 0 0 0 
0 0 0 0 0 0 0 0 
7 1.5e-7 3 300 4 -0.5 6 3 
0 0 0 0 0 0 0 0 
0 0 0 0 0 0 0 0 
7 1.5e-7 3 300 4 -0.5 6 3 
0 0 0 0 0 0 0 0 
0 0 0 0 0 0 0 0 
7 1.5e-7 3 300 4 -0.5 6 3 
0 0 0 0 0 0 0 0 
0 0 0 0 0 0 0 0 
7 1.5e-7 3 300 4 -0.5 6 3 
0 0 0 0 0 0 0 0 
0 0 0 0 0 0 0 0 
7 1.5e-7 3 300 4 -0.5 6 3 
0 0 0 0 0 0 0 0 
0 0 0 0 0 0 0 0 
7 1.5e-7 3 300 4 -0.5 6 3 
0 0 0 0 0 0 0 0 
0 0 0 0 0 0 0 0 
7 1.5e-7 3 300 4 -0.5 6 3 
0 0 0 0 0 0 0 0 
0 0 0 0 0 0 0 0 
7 1.5e-7 3 300 4 -0.5 6 3 
0 0 0 0 0 0 0 0 
0 0 0 0 0 0 0 0 
7 1.2e-30 1 1.0 4 -0.6 6 3 
0 0 0 0 0 0 0 0 
0 0 0 0 0 0 0 0 
7 3.0e-30 1 1.0 4 -1.0 6 3 
0 0 0 0 0 0 0 0 
0 0 0 0 0 0 0 0 
7 1.6e-30 1 80 4 -0.5 6 3 
0 0 0 0 0 0 0 0 
0 0 0 0 0 0 0 0 
7 1.4e-28 1 80 4 -1.5 6 3 
0 0 0 0 0 0 0 0 
0 0 0 0 0 0 0 0 
7 1.2e-28 1 80 4 -1.0 6 3 
0 0 0 0 0 0 0 0 
0 0 0 0 0 0 0 0 
7 1.2e-28 1 80 4 -1.5 6 3 
0 0 0 0 0 0 0 0 
0 0 0 0 0 0 0 0 
1 3.0e-18 0 0 0 0 0 0 
0 0 0 0 0 0 0 0 
0 0 0 0 0 0 0 0 
1 1.0e-9 0 0 0 0 0 0 
0 0 0 0 0 0 0 0 
0 0 0 0 0 0 0 0 
1 1.0e-9 0 0 0 0 0 0 
0 0 0 0 0 0 0 0 
0 0 0 0 0 0 0 0 
1 7.7e-11 0 0 0 0 0 0 
0 0 0 0 0 0 0 0 
0 0 0 0 0 0 0 0 
1 1.8e-10 0 0 0 0 0 0 
0 0 0 0 0 0 0 0 
0 0 0 0 0 0 0 0 
1 7.4e-11 0 0 0 0 0 0 
0 0 0 0 0 0 0 0 
0 0 0 0 0 0 0 0 
1 1.0e-9 0 0 0 0 0 0 
0 0 0 0 0 0 0 0 
0 0 0 0 0 0 0 0 
1 1.2e-10 0 0 0 0 0 0 
0 0 0 0 0 0 0 0 
0 0 0 0 0 0 0 0 
1 6.4e-10 0 0 0 0 0 0 
0 0 0 0 0 0 0 0 
0 0 0 0 0 0 0 0 
1 2.4e-11 0 0 0 0 0 0 
0 0 0 0 0 0 0 0 
0 0 0 0 0 0 0 0 
1 2.3e-10 0 0 0 0 0 0 
0 0 0 0 0 0 0 0 
0 0 0 0 0 0 0 0 
1 1.9e-9 0 0 0 0 0 0 
0 0 0 0 0 0 0 0 
0 0 0 0 0 0 0 0 
1 1.8e-9 0 0 0 0 0 0 
0 0 0 0 0 0 0 0 
0 0 0 0 0 0 0 0 
1 9.9e-10 0 0 0 0 0 0 
0 0 0 0 0 0 0 0 
0 0 0 0 0 0 0 0 
1 3.7e-9 0 0 0 0 0 0 
0 0 0 0 0 0 0 0 
0 0 0 0 0 0 0 0 
1 2.0e-9 0 0 0 0 0 0 
0 0 0 0 0 0 0 0 
0 0 0 0 0 0 0 0 
1 2.0e-9 0 0 0 0 0 0 
0 0 0 0 0 0 0 0 
0 0 0 0 0 0 0 0 
1 2.0e-10 0 0 0 0 0 0 
0 0 0 0 0 0 0 0 
0 0 0 0 0 0 0 0 
1 2.0e-10 0 0 0 0 0 0 
0 0 0 0 0 0 0 0 
0 0 0 0 0 0 0 0 
1 2.0e-10 0 0 0 0 0 0 
0 0 0 0 0 0 0 0 
0 0 0 0 0 0 0 0 
1 2.0e-10 0 0 0 0 0 0 
0 0 0 0 0 0 0 0 
0 0 0 0 0 0 0 0 
1 2.0e-10 0 0 0 0 0 0 
0 0 0 0 0 0 0 0 
0 0 0 0 0 0 0 0 
1 2.0e-10 0 0 0 0 0 0 
0 0 0 0 0 0 0 0 
0 0 0 0 0 0 0 0 
1 2.0e-10 0 0 0 0 0 0 
0 0 0 0 0 0 0 0 
0 0 0 0 0 0 0 0 
1 2.0e-10 0 0 0 0 0 0 
0 0 0 0 0 0 0 0 
0 0 0 0 0 0 0 0 
1 2.0e-10 0 0 0 0 0 0 
0 0 0 0 0 0 0 0 
0 0 0 0 0 0 0 0 
1 2.0e-10 0 0 0 0 0 0 
0 0 0 0 0 0 0 0 
0 0 0 0 0 0 0 0 
1 2.0e-10 0 0 0 0 0 0 
0 0 0 0 0 0 0 0 
0 0 0 0 0 0 0 0 
1 2.0e-10 0 0 0 0 0 0 
0 0 0 0 0 0 0 0 
0 0 0 0 0 0 0 0 
1 2.0e-10 0 0 0 0 0 0 
0 0 0 0 0 0 0 0 
0 0 0 0 0 0 0 0 
1 2.0e-10 0 0 0 0 0 0 
0 0 0 0 0 0 0 0 
0 0 0 0 0 0 0 0 
1 2.0e-10 0 0 0 0 0 0 
0 0 0 0 0 0 0 0 
0 0 0 0 0 0 0 0 
1 2.0e-10 0 0 0 0 0 0 
0 0 0 0 0 0 0 0 
0 0 0 0 0 0 0 0 
1 2.0e-10 0 0 0 0 0 0 
0 0 0 0 0 0 0 0 
0 0 0 0 0 0 0 0 
1 2.0e-10 0 0 0 0 0 0 
0 0 0 0 0 0 0 0 
0 0 0 0 0 0 0 0 
1 2.0e-10 0 0 0 0 0 0 
0 0 0 0 0 0 0 0 
0 0 0 0 0 0 0 0 
1 1.8e-9 0 0 0 0 0 0 
0 0 0 0 0 0 0 0 
0 0 0 0 0 0 0 0 
7 2.0e-11 1 300 4 -0.5 6 3 
0 0 0 0 0 0 0 0 
0 0 0 0 0 0 0 0 
7 4.0e-11 1 300 4 0.5 6 3 
0 0 0 0 0 0 0 0 
0 0 0 0 0 0 0 0 
7 1.0e-10 1 300 4 0.5 6 3 
0 0 0 0 0 0 0 0 
0 0 0 0 0 0 0 0 
7 4.9e-12 3 300 4 -0.6 6 3 
0 0 0 0 0 0 0 0 
0 0 0 0 0 0 0 0 
7 2.0e-7 3 300 4 -0.5 6 3 
0 0 0 0 0 0 0 0 
0 0 0 0 0 0 0 0 
7 2.0e-7 3 300 4 -0.5 6 3 
0 0 0 0 0 0 0 0 
0 0 0 0 0 0 0 0 
7 1.5e-7 3 300 4 -0.5 6 3 
0 0 0 0 0 0 0 0 
0 0 0 0 0 0 0 0 
7 1.5e-7 3 300 4 -0.5 6 3 
0 0 0 0 0 0 0 0 
0 0 0 0 0 0 0 0 
7 1.5e-7 3 300 4 -0.5 6 3 
0 0 0 0 0 0 0 0 
0 0 0 0 0 0 0 0 
7 1.5e-7 3 300 4 -0.5 6 3 
0 0 0 0 0 0 0 0 
0 0 0 0 0 0 0 0 
