   100.00000000000000        150.00000000000000     
   104.00000000000000        155.00000000000000     
   108.00000000000000        165.00000000000000     
   112.00000000000000        175.00000000000000     
   116.00000000000000        183.00000000000000     
   120.00000000000000        205.00000000000000     
   124.00000000000000        220.00000000000000     
   128.00000000000000        245.00000000000000     
   132.00000000000000        265.00000000000000     
   136.00000000000000        285.00000000000000     
   140.00000000000000        310.00000000000000     
   144.00000000000000        330.00000000000000     
   148.00000000000000        390.00000000000000     
   152.00000000000000        500.00000000000000     
   156.00000000000000        750.00000000000000     
   160.00000000000000        1100.0000000000000     
   164.00000000000000        1200.0000000000000     
   168.00000000000000        1600.0000000000000     
   172.00000000000000        1800.0000000000000     
   176.00000000000000        1950.0000000000000     
   180.00000000000000        2100.0000000000000     
   184.00000000000000        2250.0000000000000     
   188.00000000000000        2300.0000000000000     
   192.00000000000000        2400.0000000000000     
   196.00000000000000        2460.0000000000000     
   200.00000000000000        2500.0000000000000     
   204.00000000000000        2550.0000000000000     
   208.00000000000000        2600.0000000000000     
   212.00000000000000        2650.0000000000000     
   216.00000000000000        2700.0000000000000     
   220.00000000000000        2750.0000000000000     
   224.00000000000000        2790.0000000000000     
   228.00000000000000        2820.0000000000000     
   232.00000000000000        2850.0000000000000     
   236.00000000000000        2890.0000000000000     
   240.00000000000000        2920.0000000000000     
   244.00000000000000        2960.0000000000000     
   248.00000000000000        3000.0000000000000     
   252.00000000000000        3020.0000000000000     
   256.00000000000000        3060.0000000000000     
   260.00000000000000        3100.0000000000000     
   264.00000000000000        3130.0000000000000     
   268.00000000000000        3150.0000000000000     
   272.00000000000000        3160.0000000000000     
   276.00000000000000        3170.0000000000000     
   280.00000000000000        3180.0000000000000     
   284.00000000000000        3190.0000000000000     
   288.00000000000000        3200.0000000000000     
   292.00000000000000        3210.0000000000000     
   296.00000000000000        3220.0000000000000     
   300.00000000000000        3230.0000000000000     
   304.00000000000000        3240.0000000000000     
   308.00000000000000        3250.0000000000000     
   312.00000000000000        3260.0000000000000     
   316.00000000000000        3270.0000000000000     
   320.00000000000000        3280.0000000000000     
   324.00000000000000        3290.0000000000000     
   328.00000000000000        3300.0000000000000     
   332.00000000000000        3310.0000000000000     
   336.00000000000000        3320.0000000000000     
   340.00000000000000        3320.0000000000000     
   344.00000000000000        3330.0000000000000     
   348.00000000000000        3340.0000000000000     
   352.00000000000000        3350.0000000000000     
   356.00000000000000        3360.0000000000000     
   360.00000000000000        3370.0000000000000     
   364.00000000000000        3380.0000000000000     
   368.00000000000000        3390.0000000000000     
   372.00000000000000        3400.0000000000000     
   376.00000000000000        3410.0000000000000     
   380.00000000000000        3420.0000000000000     
   384.00000000000000        3430.0000000000000     
   388.00000000000000        3440.0000000000000     
   392.00000000000000        3450.0000000000000     
   396.00000000000000        3460.0000000000000     
   400.00000000000000        3470.0000000000000     
   404.00000000000000        3480.0000000000000     
   408.00000000000000        3490.0000000000000     
   412.00000000000000        3500.0000000000000     
   416.00000000000000        3510.0000000000000     
   420.00000000000000        3520.0000000000000     
   424.00000000000000        3530.0000000000000     
   428.00000000000000        3540.0000000000000     
   432.00000000000000        3550.0000000000000     
   436.00000000000000        3560.0000000000000     
   440.00000000000000        3570.0000000000000     
   444.00000000000000        3570.0000000000000     
   448.00000000000000        3580.0000000000000     
   452.00000000000000        3590.0000000000000     
   456.00000000000000        3600.0000000000000     
   460.00000000000000        3610.0000000000000     
   464.00000000000000        3620.0000000000000     
   468.00000000000000        3630.0000000000000     
   472.00000000000000        3640.0000000000000     
   476.00000000000000        3650.0000000000000     
   480.00000000000000        3660.0000000000000     
