           1  0.99229279041742302        1.0005260594508911        1.0003000000000000        1.0003046792916481     
           2   1.9963421419850675        2.0004422939510675        1.0012150000000000        1.0012194601418958     
           3   2.9991411057549300        3.0018663300234607        1.0027450000000000        1.0027465753293801     
           4   3.9980593128111792        4.0000982405119458        1.0048850000000000        1.0048897590285832     
           5   4.9986134465922305        5.0002384347152429        1.0076499999999999        1.0076542662455523     
           6   5.9994876866239792        6.0008355909872080        1.0110450000000000        1.0110469002707827     
           7   6.9997590186270884        7.0009082269764917        1.0150749999999999        1.0150760483961192     
           8   7.9996549346358421        8.0006543748684606        1.0197499999999999        1.0197517262188447     
           9   8.9998886708790025        9.0007708829812714        1.0250850000000000        1.0250856309369165     
          10   9.9998102625363288        10.000598101021865        1.0310900000000001        1.0310912041257634     
          11   10.999473881012676        11.000183967016952        1.0377799999999999        1.0377837045804750     
          12   11.999962357788661        12.000607098929109        1.0451800000000000        1.0451802919089817     
          13   12.999985665815302        13.000574693539889        1.0532999999999999        1.0533001216735896     
          14   13.999518283667612        14.000059171784926        1.0621600000000000        1.0621644530017691     
          15   14.999823462717785        15.000322226879788        1.0717950000000001        1.0717967697244908     
          16   15.999730778802643        16.000192362799581        1.0822200000000000        1.0822229162539676     
          17   16.999892918657324        17.000321381186012        1.0934699999999999        1.0934712495851768     
          18   17.999775981212608        18.000174730583240        1.1055699999999999        1.1055728090000843     
          19   18.999888036084897        19.000259938254189        1.1185600000000000        1.1185615052737572     
          20   19.999698953028897        20.000046466872703        1.1324700000000001        1.1324743314317942     
          21   20.999896096033552        21.000221323353657        1.1473500000000001        1.1473515973936710     
          22   21.999866435428771        22.000171213895101        1.1632350000000000        1.1632371911626009     
          23   22.999778710115351        23.000064643609974        1.1801750000000000        1.1801788695961777     
          24   23.999807635521265        24.000076133738546        1.1982250000000001        1.1982285822215677     
          25   24.999857085938771        25.000109400297561        1.2174400000000001        1.2174428320539992     
          26   25.999853952333510        26.000091200011589        1.2378800000000001        1.2378830779491559     
          27   26.999947164666864        27.000170345540674        1.2596149999999999        1.2596161836824995     
          28   27.999793352080033        28.000003372154730        1.2827100000000000        1.2827149197177725     
          29   28.999860658237900        29.000058332557515        1.3072550000000001        1.3072585245224686     
          30   29.999875950533351        30.000062024384427        1.3333300000000001        1.3333333333333330     
          31   30.999877969812673        31.000053124190224        1.3610300000000000        1.3610334834981830     
          32   31.999943718282616        32.000108577675093        1.3904600000000000        1.3904617069555829     
          33   32.999993108531420        33.000148249398592        1.4217299999999999        1.4217302221025832     
          34   33.999949227676062        34.000095184041513        1.4549600000000000        1.4549617392929703     
          35   34.999983622281810        35.000120888446787        1.4902899999999999        1.4902905965657023     
          36   35.999895608085303        36.000024646186660        1.5278600000000000        1.5278640450004206     
          37   36.999910126417198        37.000031366510321        1.5678399999999999        1.5678437064263244     
          38   37.999949220447192        38.000063066224335        1.6104050000000001        1.6104072301859937     
          39   38.999996145149808        39.000102976137633        1.6557500000000001        1.6557501804175723     
          40   39.999936067683919        40.000036242241542        1.7040850000000001        1.7040881910418471     
          41   40.999916796141164        41.000010651774872        1.7556550000000000        1.7556594325431774     
          42   41.999957073641006        42.000044929775541        1.8107250000000001        1.8107274429879063     
          43   42.999927930926560        43.000010091339114        1.8695800000000000        1.8695843858743300     
          44   43.999926166967967        44.000002919850502        1.9325500000000000        1.9325548097883873     
          45   44.999999999999993        45.000071619545338        2.0000000000000000        1.9999999999999996     
          46   45.999959539868655        46.000026288534492        2.0723199999999999        2.0723230307791947     
          47   46.999942218150288        47.000004345955091        2.1499699999999997        2.1499746502400021     
          48   47.999998174126667        48.000055920006240        2.2334600000000000        2.2334601580952231     
          49   48.999973499822431        49.000027093248242        2.3233449999999998        2.3233474723322018     
          50   49.999983855743857        50.000033516219418        2.4202750000000002        2.4202766254612063     
          51   50.999990929758908        51.000036868065578        2.5249699999999997        2.5249709872183539     
          52   51.999995063990703        52.000037482545011        2.6382500000000002        2.6382505818210826     
          53   52.999976867731299        53.000015961111920        2.7610450000000002        2.7610479585895451     
          54   53.999984244445265        54.000020199584142        2.8944250000000000        2.8944271909999144     
          55   54.999988588629982        55.000021585430666        3.0396049999999999        3.0396067291614739     
          56   55.999987762145281        56.000017973713568        3.1979850000000001        3.1979870253574334     
          57   56.999977336352373        57.000004929286668        3.3711799999999998        3.3711841067836850     
          58   57.999996959516920        58.000022094053897        3.5610700000000000        3.5610706048410412     
          59   58.999994541810949        59.000017372278279        3.7698250000000000        3.7698261953729055     
          60   59.999979325144878        60.000000000000000        3.9999950000000002        3.9999999999999982     
          61   60.999987670787334        61.000006332745237        4.2545850000000005        4.2545883032998608     
          62   61.999993159724745        62.000009946045381        4.5371299999999994        4.5371320374541062     
          63   62.999984968490807        63.000000011073794        4.8518349999999995        4.8518399963191818     
          64   63.999998390043572        64.000010113960172        5.3073649999999999        5.2037458427948202     
          65   64.999994082007859        65.000004207080622        5.7662399999999998        5.5989099321133899     
          66   65.999994310780025        66.000002938683323        6.3010900000000003        6.0446811897300599     
          67   66.999993420452839        67.000000644386660        6.9341799999999996        6.5500403695573688     
          68   67.999995975215086        68.000001879316599        7.6992649999999996        7.1260549319541830     
          69   68.999999555060427        69.000004213769159        8.6514550000000003        7.7864890349872207     
          70   69.999998583697021        70.000002061352831        9.8907600000000002        8.5486321704130255     
          71   70.999998799376527        71.000001151619827        11.630515000000001        9.4344408220105684     
          72   71.999999982546740        72.000001269271991        14.471579999999999        10.472135954999578     
          73   72.999999752896059        73.000000153942750        21.350290000000001        11.698476851844559     
          74   73.999999991789920        74.000000071467710        51.379460000000002        13.162059503110195 