   1.8469408820760523E-030
   5.3535409223903750E-025
   1.2031514040551051E-023
   6.3426330625086322E-023
   2.0505814914142688E-022
   5.5485160684690283E-022
   1.3521351183242738E-021
   3.4091040397206140E-021
   1.0088577867724636E-020
   4.0650607661326083E-020
   9.9544677121378355E-020
   9.3860794891705317E-020
   4.9830562786595827E-020
   1.8218119242608887E-020
   5.1961395052759535E-021
   1.3049351687545993E-021
   3.1050822939273101E-022
   7.2402587086572170E-023
   1.6841164171485687E-023
   3.9528109686931899E-024
   9.5460643529721917E-025
   2.4693523028312492E-025
   7.3982026339307985E-026
   2.8703940718744780E-026
   1.5115496440285992E-026
   9.9581647846571072E-027
   7.3900052870041375E-027
   5.7892732430815300E-027
   4.6481079209845812E-027
   3.7956983129705021E-027
   3.1272676148738121E-027
   2.5929936076756795E-027
   2.1642029043303535E-027
   1.8163175959009653E-027
   1.5300269272854955E-027
   1.2953292991848830E-027
   1.1006371102035237E-027
   9.3903299642001297E-028
   8.0312422475124850E-028
   6.8964929561953754E-028
   5.9321713412212304E-028
   5.1126497116900851E-028
   4.4206926139051104E-028
   3.8310490651897294E-028
   3.3285396960894365E-028
   2.8930051505315914E-028
   2.5173958688617272E-028
   2.1933650192348249E-028
   1.9144271902193728E-028
   1.6735090827963155E-028
   1.4622418472764594E-028
   1.2791095480350876E-028
   1.1201554418375537E-028
   9.8152009533711043E-029
   8.6034153273771681E-029
   7.5474386427823534E-029
   6.6188896959884436E-029
   5.8095082520100845E-029
   5.1021110004102676E-029
   4.4797238905118629E-029
   3.9367342197624553E-029
   3.4583723812543959E-029
   3.0390230628842829E-029
   2.6715347112666768E-029
   2.3486511681364073E-029
   2.0649967448716202E-029
   1.8153251871285619E-029
   1.5962093971905797E-029
   1.4033683442939242E-029
   1.2349036102918319E-029
   1.0851400007803288E-029
   9.5468302917244254E-030
   8.3982531726057667E-030
   7.3838230430242287E-030
   6.4917608615698103E-030
   5.7109020929461270E-030
   5.0216052588689904E-030
   4.4180139784518015E-030
   3.8831631361177129E-030
   3.4179036194810782E-030
   3.0048122505907998E-030
   2.6406503531127954E-030
   2.3248002114026542E-030
   2.0439683254587882E-030
   1.7974014194124146E-030
   1.5803514252069691E-030
   1.3904476312736975E-030
   1.2220879757301702E-030
   1.0752135700762915E-030
   9.4631471177006046E-031
   8.3139815197325610E-031
   7.3187941703936961E-031
   6.4344913941859170E-031
   5.6586025990456820E-031
   4.9810212547382167E-031
   4.3779279952345062E-031
   3.8521861665399302E-031
   3.3876883992783147E-031
   2.9826343927452860E-031
   2.6207059555440039E-031
   2.3074996714259035E-031
   2.0297435253245570E-031
   1.7864247119601947E-031
   1.5705229814124417E-031
   1.3825750612569063E-031
   1.2163672842237002E-031
   1.0714564877105355E-031
   9.4161303187697647E-032
   8.2977038006908288E-032
   7.3009667586704340E-032
   6.4246159972487906E-032
   5.6576770482992950E-032
   4.9916847713311895E-032
   4.3900261890215954E-032
   3.8666974195592180E-032
   3.4106598601246323E-032
   3.0023645422493287E-032
   2.6494572356966843E-032
   2.3362558307903198E-032
   2.0626072212269453E-032
   1.8201742935408225E-032
   1.6056547857623457E-032
   1.4197951078075028E-032
   1.2565320844880142E-032
   1.1102601404638693E-032
   9.8457488854380633E-033
   8.7160033110859725E-033
   7.7282328388587437E-033
   6.8632415482522893E-033
   6.1129951484640691E-033
   5.4335173693661065E-033
   4.8426531729001265E-033
   4.3278800940907197E-033
   3.8645652334192514E-033
   3.4671156685145918E-033
   3.1062874936320967E-033
   2.7862507131432279E-033
   2.4877401074453497E-033
   2.1807466741208717E-033
   1.7462605284032192E-033
   5.8632997902580262E-034
