   0.0000000000000000        262327874003616.09     
   2.0000000000000000        237315127454685.09     
   4.0000000000000000        210857321639607.81     
   6.0000000000000000        184969049656015.53     
   8.0000000000000000        160015106899431.97     
   10.000000000000000        136277628060063.66     
   12.000000000000000        113964793310797.41     
   14.000000000000000        93113736970861.969     
   16.000000000000000        73959380968632.422     
   18.000000000000000        56757946150118.312     
   20.000000000000000        41705689694631.906     
   22.000000000000000        29010648462552.977     
   24.000000000000000        18882061991452.016     
   26.000000000000000        11444286385241.314     
   28.000000000000000        6547344314540.0420     
   30.000000000000000        3614145954522.4092     
   32.000000000000000        2061933347133.4866     
   34.000000000000000        1268390364726.3711     
   36.000000000000000        849956799695.76233     
   38.000000000000000        591294128156.19373     
   40.000000000000000        381290674123.53589     
   42.000000000000000        209701851896.77072     
   44.000000000000000        102069537265.02800     
   46.000000000000000        47890810855.695297     
   48.000000000000000        22721113740.970081     
   50.000000000000000        11013918855.241457     
   52.000000000000000        5424673746.2092276     
   54.000000000000000        2687771377.9014826     
   56.000000000000000        1326158420.0532458     
   58.000000000000000        649157220.51352012     
   60.000000000000000        312212029.64962482     
   62.000000000000000        149362804.60777023     
   64.000000000000000        71276275.588621408     
   66.000000000000000        34447135.744085550     
   68.000000000000000        17073267.922170237     
   70.000000000000000        8693619.7028181031     
   72.000000000000000        4545218.9471481936     
   74.000000000000000        2435385.9957433436     
   76.000000000000000        1334038.8997173659     
   78.000000000000000        745158.52296389267     
   80.000000000000000        423461.76787878422     
   82.000000000000000        244381.49043150235     
   84.000000000000000        142973.73949114760     
   86.000000000000000        84697.067543938916     
   88.000000000000000        50735.260810972293     
   90.000000000000000        30638.538741343658     
   92.000000000000000        18606.719163319933     
   94.000000000000000        11349.085876073053     
   96.000000000000000        6946.8288732151987     
   98.000000000000000        4268.8044512726710     
   100.00000000000000        2635.0465550518520     
   102.00000000000000        1634.8259790607060     
   104.00000000000000        1019.8242634818765     
   106.00000000000000        640.04464914834443     
   108.00000000000000        404.34961854732319     
   110.00000000000000        257.28578682035101     
   112.00000000000000        164.99235523316440     
   114.00000000000000        106.71707606283978     
   116.00000000000000        69.672615531252021     
   118.00000000000000        45.953004819428820     
   120.00000000000000        30.643455421532909     
   122.00000000000000        20.675089785166680     
   124.00000000000000        14.121650513384372     
   126.00000000000000        9.7681811692678195     
   128.00000000000000        6.8441123737633163     
   130.00000000000000        4.8575187798867496     
   132.00000000000000        3.4919969059454186     
   134.00000000000000        2.5422974780391066     
   136.00000000000000        1.8740432212536933     
   138.00000000000000        1.3983940376397719     
   140.00000000000000        1.0560117628463688     
   142.00000000000000       0.80684503703294708     
   144.00000000000000       0.62357236979849617     
   146.00000000000000       0.48735914199424163     
   148.00000000000000       0.38508705784792435     
   150.00000000000000       0.30752788408968729     
   152.00000000000000       0.24812770825610533     
   154.00000000000000       0.20218941882789382     
   156.00000000000000       0.16631740152624302     
   158.00000000000000       0.13803659664261986     
   160.00000000000000       0.11552865618015468     
   162.00000000000000        9.7447523873910050E-002
   164.00000000000000        8.2789406619847072E-002
   166.00000000000000        7.0800342252086160E-002
   168.00000000000000        6.0909986007854189E-002
   170.00000000000000        5.2683834965792722E-002
   172.00000000000000        4.5788521370738029E-002
   174.00000000000000        3.9966438010938778E-002
   176.00000000000000        3.5017073675485115E-002
   178.00000000000000        3.0783204910493071E-002
   180.00000000000000        2.7140623924859955E-002
   182.00000000000000        2.3990456253639894E-002
   184.00000000000000        2.1253385420452010E-002
   186.00000000000000        1.8865289070324899E-002
   188.00000000000000        1.6773924943902337E-002
   190.00000000000000        1.4936401382201094E-002
   192.00000000000000        1.3317236749788250E-002
   194.00000000000000        1.1886862874213045E-002
   196.00000000000000        1.0620464681466603E-002
   198.00000000000000        9.4962802421574687E-003
   200.00000000000000        8.4965261361885109E-003
