   0.0000000000000000        11931460173353222.     
   2.0000000000000000        9736877132428586.0     
   4.0000000000000000        7919447081573843.0     
   6.0000000000000000        6315238330894854.0     
   8.0000000000000000        4926338453776487.0     
   10.000000000000000        3748348643960582.0     
   12.000000000000000        2771241486072281.0     
   14.000000000000000        1980423859876930.2     
   16.000000000000000        1359647513398895.8     
   18.000000000000000        890226534571937.38     
   20.000000000000000        550910677022867.62     
   22.000000000000000        318959070781725.56     
   24.000000000000000        171098531742989.97     
   26.000000000000000        84596467226534.516     
   28.000000000000000        38736680271049.328     
   30.000000000000000        16692257917245.000     
   32.000000000000000        6944046069576.4502     
   34.000000000000000        2849640221063.4834     
   36.000000000000000        1171784935743.7998     
   38.000000000000000        487561658660.05957     
   40.000000000000000        204887098442.51932     
   42.000000000000000        85559172275.172638     
   44.000000000000000        35005656666.973236     
   46.000000000000000        14026936531.664055     
   48.000000000000000        5535388303.6921444     
   50.000000000000000        2161337747.0210648     
   52.000000000000000        837329428.38388908     
   54.000000000000000        322320893.22880739     
   56.000000000000000        123298256.39893928     
   58.000000000000000        46705963.904287174     
   60.000000000000000        17637973.262649495     
   62.000000000000000        6857054.8175083483     
   64.000000000000000        2763390.8426756989     
   66.000000000000000        1161502.6367391362     
   68.000000000000000        512040.14228195284     
   70.000000000000000        236045.46501831940     
   72.000000000000000        113455.94192670060     
   74.000000000000000        56699.988420059446     
   76.000000000000000        29383.880915082609     
   78.000000000000000        15751.348760757650     
   80.000000000000000        8713.3769022869346     
   82.000000000000000        4963.1509719865999     
   84.000000000000000        2904.9242407064744     
   86.000000000000000        1743.7410075809444     
   88.000000000000000        1071.5666453041038     
   90.000000000000000        673.00863600897515     
   92.000000000000000        431.33232694423168     
   94.000000000000000        281.20492100941334     
   96.000000000000000        186.01154506722250     
   98.000000000000000        124.81081267033478     
   100.00000000000000        84.935709106437173     
   102.00000000000000        58.615647483078817     
   104.00000000000000        41.019996763409836     
   106.00000000000000        29.107807548199773     
   108.00000000000000        20.941795227654037     
   110.00000000000000        15.273632141494772     
   112.00000000000000        11.290040549555714     
   114.00000000000000        8.4554719192300531     
   116.00000000000000        6.4135349813687483     
   118.00000000000000        4.9245798290622487     
   120.00000000000000        3.8257788350729145     
   122.00000000000000        3.0053497163292078     
   124.00000000000000        2.3857551546055742     
   126.00000000000000        1.9126528990704381     
   128.00000000000000        1.5475624972138498     
   130.00000000000000        1.2629549433803955     
   132.00000000000000        1.0389352828107710     
   134.00000000000000       0.86098131660306376     
   136.00000000000000       0.71838834530919526     
   138.00000000000000       0.60318987589916062     
   140.00000000000000       0.50940203987001398     
   142.00000000000000       0.43248949624083105     
   144.00000000000000       0.36898470911261977     
   146.00000000000000       0.31621437017546283     
   148.00000000000000       0.27210093886952785     
   150.00000000000000       0.23501744980640685     
   152.00000000000000       0.20368040734183013     
   154.00000000000000       0.17707013702505434     
   156.00000000000000       0.15437109057055773     
   158.00000000000000       0.13492676633236958     
   160.00000000000000       0.11820541806565298     
   162.00000000000000       0.10377378689361350     
   164.00000000000000        9.1276843672193408E-002
   166.00000000000000        8.0422065719697802E-002
   168.00000000000000        7.0967157689813223E-002
   170.00000000000000        6.2710405654673659E-002
   172.00000000000000        5.5483057070521653E-002
   174.00000000000000        4.9143268757809701E-002
   176.00000000000000        4.3571275478310745E-002
   178.00000000000000        3.8665513860737424E-002
   180.00000000000000        3.4339497939221225E-002
   182.00000000000000        3.0519288926984529E-002
   184.00000000000000        2.7141436991178460E-002
   186.00000000000000        2.4151299595122001E-002
   188.00000000000000        2.1501661537827704E-002
   190.00000000000000        1.9151597683887699E-002
   192.00000000000000        1.7065531681103707E-002
   194.00000000000000        1.5212453555035772E-002
   196.00000000000000        1.3565266580115934E-002
   198.00000000000000        1.2100239733946406E-002
   200.00000000000000        1.0796546732308928E-002
