   0.0000000000000000        276676289728886.84     
   2.0000000000000000        250575338289474.31     
   4.0000000000000000        223357468476301.38     
   6.0000000000000000        196844459205466.34     
   8.0000000000000000        171337827120962.16     
   10.000000000000000        147071653720881.72     
   12.000000000000000        124215367394246.86     
   14.000000000000000        102794203324208.12     
   16.000000000000000        83001001924285.547     
   18.000000000000000        65037899165700.039     
   20.000000000000000        49054769064067.891     
   22.000000000000000        35214966475687.203     
   24.000000000000000        23710197613819.277     
   26.000000000000000        14743507952341.137     
   28.000000000000000        8413226708981.7666     
   30.000000000000000        4453197361424.2148     
   32.000000000000000        2351060713280.2549     
   34.000000000000000        1331802834632.2168     
   36.000000000000000        840358234942.37622     
   38.000000000000000        577107325843.58484     
   40.000000000000000        395533723112.71393     
   42.000000000000000        246033867767.97479     
   44.000000000000000        135762361193.42833     
   46.000000000000000        69801079743.401398     
   48.000000000000000        35275645047.724907     
   50.000000000000000        17970954393.527363     
   52.000000000000000        9266489721.2255840     
   54.000000000000000        4810698174.7316628     
   56.000000000000000        2493516217.5767760     
   58.000000000000000        1279010743.3219423     
   60.000000000000000        645430696.29070663     
   62.000000000000000        320658039.43658119     
   64.000000000000000        153987248.35685021     
   66.000000000000000        73505257.350367099     
   68.000000000000000        35777673.900530130     
   70.000000000000000        17828818.775868934     
   72.000000000000000        9109407.7306177318     
   74.000000000000000        4771538.0660585975     
   76.000000000000000        2559018.1278576548     
   78.000000000000000        1402401.7497310757     
   80.000000000000000        783563.12516449683     
   82.000000000000000        445384.14179266593     
   84.000000000000000        256948.37906386674     
   86.000000000000000        150207.07771884138     
   88.000000000000000        88820.298621238442     
   90.000000000000000        53041.881765738784     
   92.000000000000000        31940.655148414815     
   94.000000000000000        19314.288514386830     
   96.000000000000000        11691.706434399672     
   98.000000000000000        7087.1414097709094     
   100.00000000000000        4304.7947398860979     
   102.00000000000000        2621.8807228553305     
   104.00000000000000        1602.1046085416469     
   106.00000000000000        983.02997713888965     
   108.00000000000000        606.18639181548019     
   110.00000000000000        376.01851983670616     
   112.00000000000000        234.85904927992794     
   114.00000000000000        147.87324861919876     
   116.00000000000000        93.958650150250890     
   118.00000000000000        60.319271831430648     
   120.00000000000000        39.167603800748040     
   122.00000000000000        25.750285814119582     
   124.00000000000000        17.153815009093847     
   126.00000000000000        11.585003970140752     
   128.00000000000000        7.9344710393204778     
   130.00000000000000        5.5114104125349606     
   132.00000000000000        3.8823291552513046     
   134.00000000000000        2.7727451595426436     
   136.00000000000000        2.0071380170779358     
   138.00000000000000        1.4720827767288542     
   140.00000000000000        1.0934630418032336     
   142.00000000000000       0.82228869695912354     
   144.00000000000000       0.62579621919667328     
   146.00000000000000       0.48181538480181585     
   148.00000000000000       0.37516899800755277     
   150.00000000000000       0.29534878788954627     
   152.00000000000000       0.23499929658350388     
   154.00000000000000       0.18891805768128081     
   156.00000000000000       0.15338893905759426     
   158.00000000000000       0.12573270114708079     
   160.00000000000000       0.10400068593286454     
   162.00000000000000        8.6763839249095295E-002
   164.00000000000000        7.2965918727502840E-002
   166.00000000000000        6.1820375520218747E-002
   168.00000000000000        5.2737259684231215E-002
   170.00000000000000        4.5270969130745707E-002
   172.00000000000000        3.9082604284279947E-002
   174.00000000000000        3.3912647325960749E-002
   176.00000000000000        2.9560999623012948E-002
   178.00000000000000        2.5872303254359120E-002
   180.00000000000000        2.2725083979114515E-002
   182.00000000000000        2.0023676005139174E-002
   184.00000000000000        1.7692184079260036E-002
   186.00000000000000        1.5669946063159954E-002
   188.00000000000000        1.3908106426770064E-002
   190.00000000000000        1.2367016269559886E-002
   192.00000000000000        1.1014251118740463E-002
   194.00000000000000        9.8230924900850926E-003
   196.00000000000000        8.7713590377758496E-003
   198.00000000000000        7.8405022859154173E-003
   200.00000000000000        7.0149034278212379E-003
