   0.0000000000000000        31460455.449418891     
   2.0000000000000000        29686644.328259125     
   4.0000000000000000        27620913.551127356     
   6.0000000000000000        25771537.154025216     
   8.0000000000000000        24121271.549751326     
   10.000000000000000        22677668.139961317     
   12.000000000000000        21436617.802060090     
   14.000000000000000        20358951.926590346     
   16.000000000000000        19444881.212933816     
   18.000000000000000        18689371.670352697     
   20.000000000000000        18065242.186915100     
   22.000000000000000        17535799.453319345     
   24.000000000000000        17053560.795026157     
   26.000000000000000        16555513.561243352     
   28.000000000000000        15937420.628435975     
   30.000000000000000        14937945.242080379     
   32.000000000000000        13393953.685185865     
   34.000000000000000        11503470.194303432     
   36.000000000000000        9706033.0332144964     
   38.000000000000000        8184768.1244660160     
   40.000000000000000        6722726.4184465073     
   42.000000000000000        5055226.7617400577     
   44.000000000000000        3333714.5080420105     
   46.000000000000000        1961252.0010796126     
   48.000000000000000        1078087.8632783489     
   50.000000000000000        572536.11770290835     
   52.000000000000000        298048.42060679977     
   54.000000000000000        152723.14943012336     
   56.000000000000000        77034.469394902859     
   58.000000000000000        38204.416545528911     
   60.000000000000000        18490.748802031656     
   62.000000000000000        8596.8839989935350     
   64.000000000000000        3678.5761906390912     
   66.000000000000000        1512.4341119887531     
   68.000000000000000        619.66355626237623     
   70.000000000000000        253.79751602375612     
   72.000000000000000        104.09463820529315     
   74.000000000000000        42.837310775316354     
   76.000000000000000        17.744629757253509     
   78.000000000000000        7.4423050548348773     
   80.000000000000000        3.1939125847693073     
   82.000000000000000        1.4284644537144231     
   84.000000000000000       0.68508677487867875     
   86.000000000000000       0.36506078004618964     
   88.000000000000000       0.22118887806692633     
   90.000000000000000       0.15089724977017832     
   92.000000000000000       0.11167682583701045     
   94.000000000000000        8.6156686673676111E-002
   96.000000000000000        6.7521168265966103E-002
   98.000000000000000        5.3108856179055607E-002
   100.00000000000000        4.1769118748967285E-002
   102.00000000000000        3.2901951056046923E-002
   104.00000000000000        2.6099640741653281E-002
   106.00000000000000        2.1019809250367852E-002
   108.00000000000000        1.7340344762498013E-002
   110.00000000000000        1.4743792167522515E-002
   112.00000000000000        1.2922845902000074E-002
   114.00000000000000        1.1600372105431659E-002
   116.00000000000000        1.0553882338081133E-002
   118.00000000000000        9.6312413083172888E-003
   120.00000000000000        8.7492610386415842E-003
   122.00000000000000        7.8777708785033526E-003
   124.00000000000000        7.0186093129712378E-003
   126.00000000000000        6.1875793021862911E-003
   128.00000000000000        5.4026488625072769E-003
   130.00000000000000        4.6780376999074830E-003
   132.00000000000000        4.0223535270895155E-003
   134.00000000000000        3.4389025158830361E-003
   136.00000000000000        2.9268472760570000E-003
   138.00000000000000        2.4824890377591661E-003
   140.00000000000000        2.1003778050585481E-003
   142.00000000000000        1.7741692013986798E-003
   144.00000000000000        1.4972469627496552E-003
   146.00000000000000        1.2631491831944599E-003
   148.00000000000000        1.0658376744270281E-003
   150.00000000000000        8.9984717261743484E-004
   152.00000000000000        7.6034715857704134E-004
   154.00000000000000        6.4314413320139686E-004
   156.00000000000000        5.4464665102820907E-004
   158.00000000000000        4.6180986148103655E-004
   160.00000000000000        3.9207131515732056E-004
   162.00000000000000        3.3328570430490748E-004
   164.00000000000000        2.8366311346376244E-004
   166.00000000000000        2.4171317307795839E-004
   168.00000000000000        2.0619606666611440E-004
   170.00000000000000        1.7608045471314724E-004
   172.00000000000000        1.5050787962190177E-004
   174.00000000000000        1.2876297386539006E-004
   176.00000000000000        1.1024871103942987E-004
   178.00000000000000        9.4465949872063517E-005
   180.00000000000000        8.0996580464759384E-005
   182.00000000000000        6.9489662682956468E-005
   184.00000000000000        5.9650032495516599E-005
   186.00000000000000        5.1228934279331720E-005
   188.00000000000000        4.4016311325432292E-005
   190.00000000000000        3.7834451377571703E-005
   192.00000000000000        3.2532738903311495E-005
   194.00000000000000        2.7983311629036283E-005
   196.00000000000000        2.4077456699582228E-005
   198.00000000000000        2.0722612784416491E-005
   200.00000000000000        1.7839869659497881E-005
